145
98.60249446538305 78.03214657536266
84.31234894189448 15.084289840742182
31.88765901711794 22.15849223068397
45.292444494989056 59.23318402731347
36.60662778403518 36.39943673434634
6.586307586624207 92.211014318642
31.170244372088295 44.575407181368696
71.96808691156934 89.74850028350099
80.38141619369722 10.964225539301042
83.973444961344 16.307400988562847
19.178903158043248 77.98564382393775
62.38182268777205 57.188751227419786
34.45010609710166 93.21915276883973
5.052010863333079 78.63036533628919
88.27761218679363 32.21565814008505
55.836862742134066 51.359588472972305
59.49731721882484 54.45658074500673
97.71499824123534 97.61422978225586
51.106466172498166 99.57801850711277
61.59564820602251 97.64130952915968
75.74580402510522 18.69072962344086
73.18235370398423 1.6405757875894489
14.382639258484852 39.230028482791546
27.013890627064985 74.02965520854985
38.935996368290915 63.25332127135934
79.16946856061898 81.10490906359954
75.78827808796098 21.862288638416693
64.23949436984078 19.484631320741574
7.140742566230507 52.48592535322457
58.492560026425025 38.2723795289044
49.48811820026949 25.44546834238397
63.20387951800871 78.56280395338642
86.27031208370197 97.8644771504051
17.576172936379297 81.44470475537156
45.717705746602846 93.22148779812704
99.7427647451481 66.44078269545783
88.68017158244393 40.14841368171499
89.67739190836906 84.33558291290652
66.02382369408201 72.29617351648162
64.81443701439794 29.37283218730743
17.768762208269106 44.998865145104475
34.37870922912584 67.31274921850944
22.23615301272801 79.29574986685904
35.86694973318127 10.156991135602967
78.13650649453119 5.749916693976608
69.5672654238069 72.64123907859417
47.979855958906015 20.945710415988884
3.2989419779477114 33.21771174529983
84.45573247697793 41.23725992884687
72.39654322435216 88.66599862944476
7.138906989821958 94.96320351287429
51.17415112563318 39.90636625308896
68.14846778262398 58.69438703078528
49.805328277889984 38.40355890759199
95.8781894870627 79.70449428433437
6.515585692808468 28.266691224288
70.86808214566538 72.13909195977838
54.91863358037953 93.88961744340313
36.47542615869216 21.49134377962514
46.760715373155016 84.78186510899134
15.13713965679534 60.43974828518365
53.059946722344364 93.76517308076744
18.13497141083509 83.18275003601553
28.659165243850527 32.10928828983253
16.062211837532658 9.944773627279236
52.45823571937866 21.346116644844948
6.32818988156666 64.3217473591459
30.68473252239582 79.47033397811552
44.83266795512522 69.69155386606793
4.5504266979925045 3.576267423589119
98.67132268337882 26.112877081406328
4.594433723871438 18.95560469954708
37.0178701498738 48.44322234802648
72.02277469324852 83.91843359191837
92.32578919439565 32.509991573257544
94.34574592614986 27.009443409839275
97.81768295525481 78.7013356827258
57.94731238494195 12.440686797697786
71.17941176778652 68.75339337467791
53.902441840216596 25.008674554961306
62.74932353404728 63.17576711044697
11.690332700644145 30.099826219397308
70.28420860196542 70.01043991414382
34.41028978472512 67.2530707016858
1.7048272579810897 40.74609021231252
8.803227829076876 39.964971473114694
54.330160520187675 55.85993682911804
22.482601277046964 20.897918170696894
88.53022177335417 29.732529240710893
1.86565511317206 38.06201795586226
89.03265057395286 86.97986582513528
67.40794078668675 43.81795987237586
23.182996001339983 26.69739413333575
71.63477244718311 70.86494568697454
60.365587602323615 20.961901510052037
33.30624159317432 49.316153782421566
77.749816612127 53.93715111442532
21.160319594635922 85.32246321129034
28.71345956484762 64.33038984619299
63.58208857094498 78.41500086824881
53.76368941269332 88.87705444671846
84.04555622226964 75.15820764877652
33.18424194475109 49.61401912441834
84.26140600346051 16.311298536796237
87.28306364663658 37.4338732144807
58.88748519384136 21.837948966858022
90.67468966663499 14.929741917733052
0.7927430071912656 22.85879111909006
98.63535027366105 63.60221423942266
97.18504446116076 84.91391097960394
30.05200884279993 76.58081764540964
90.0356077837579 38.05623540786293
97.9742464057508 74.8544038087338
73.0704705838156 78.67193908777259
15.821939385017004 11.537823885875675
44.392634855725134 98.7048729836848
73.78508539750963 98.3838068495921
82.8654036304368 31.833829600580632
6.952837359810726 30.689984599630982
59.09837115705082 46.469287444481026
27.307264268776933 1.1999102373933646
81.49499176353969 53.770680268971724
18.326578727920772 92.06216315731457
27.304983678041182 79.94468567580466
38.427392886162906 98.07400172728013
87.03329939643477 15.190881180910687
4.662780960147073 91.94586550782078
15.411893333960636 69.18794946063673
77.15459574334147 5.205991063052662
48.63708555559156 50.318431805672624
67.74025945608273 39.73526322774897
44.928618076261415 74.09089155160628
70.36913952616484 1.9232825105882867
18.381007631826918 80.77890926781784
61.072675363768816 24.596819022919835
35.29187434423231 16.294636447806443
71.90359602537112 1.9906852908776695
92.63913155190973 74.6035895027226
47.21291325645153 84.3158007003998
66.04796943949134 53.7051370878979
89.05460908586413 31.07183950866449
21.945486779383916 8.882432662802364
84.91636677066167 44.91616781146999
72.21940085100475 64.44297654992226
61.47074768976023 40.427484254288416
