169
45.154653925466484 92.58566714461337
44.295878807303005 64.11533546512771
13.349068396295982 52.889976235907696
77.78331158926451 39.874628739726944
52.82712482765752 35.15175454107062
19.68825504450191 4.66994775462971
74.38718371936193 74.55374348579727
72.75495654798931 8.036441024498398
88.81727195993876 55.19612976941328
9.842181620928647 39.46845058539065
73.93666727659925 89.74177132081024
25.494807078599358 65.9783384099576
14.958733245471546 35.54685748920641
16.709189223065568 47.160872680350074
94.4068193901098 26.922506520295777
63.009045043542145 35.3778212591582
36.83947305312568 23.5500144297515
68.32135883259268 25.763348230746697
13.335659606752026 85.65825580889974
17.5786487300706 77.99892175376681
12.697393889730236 81.69868014590578
21.284657440643073 83.02609073333888
36.65268441896233 18.582831834703526
4.015471650883084 8.477875884734164
13.268176597798142 77.45910386919824
68.65687322582801 54.93731610654001
5.051532224540944 39.92804747190921
22.134771431365575 41.09502866865967
48.70222812419605 95.47435309437306
92.1358376221308 21.450499191358407
39.17961791246047 25.084702862316142
64.018846380566 11.037772593239692
93.76936811071951 10.793155106115005
72.84727111785665 19.605327053984634
20.270811331802086 54.03999509747117
1.0291895672545959 85.192944365391
53.85704721952116 22.08396184274879
83.09275569946823 3.098544312889384
70.11591373835356 88.22612364391561
79.0111328717342 49.06727147581208
77.20869789903406 51.52952641214112
59.92766364026168 83.98020668903851
95.10503783643107 5.18608373838223
59.761229802905326 78.94674573651014
96.11310673414113 41.24428424398457
25.011014009679688 16.98681145557599
27.82648378795206 52.82802053719578
23.071005095437357 12.724037542280154
23.520028484684573 94.37674742539495
18.919005370999287 45.25246661452298
21.399176829801302 89.70073113907449
52.12176738323587 52.58529803403038
45.06847414229019 48.35321256922035
47.26296255982204 7.652612777050738
57.37306878409678 18.82980320157127
63.01503573613032 55.19813969300221
35.52917251026374 4.199902258284604
69.87484130717725 64.41368467287258
64.5610875730885 56.777141072809
52.07802014661349 0.071905532938632
31.113090003064727 1.1838531030418764
52.479282599407554 52.36130134158405
6.557718885119767 5.6869549851139345
41.694887447420584 56.7153490333861
79.70946702423693 48.03496089462577
39.7938372534094 86.46058000175964
6.259067706219246 21.589678359239183
75.89527245354712 85.49467429681015
50.23868511861461 98.84744923831492
44.74619299695639 74.91114967392589
6.427096770949237 21.873328693326823
97.8029496608327 69.34566664542461
38.79926657392227 70.45086876406394
89.94923039819179 6.429652117903128
44.98949571458494 53.97535471073822
83.13930676523698 62.130659137294806
92.92909629457765 47.232075234790905
69.01470527296021 81.39986682363151
65.35111980980493 61.886264163143586
85.84086606921156 17.298580211990767
7.3497958295302706 58.628329362619546
14.17100915821161 30.9514798556042
66.84141291126961 19.972819345977577
53.55624384685841 83.95682758958748
62.217716810360734 46.74114217769721
34.266815913472094 65.26581260303753
57.90866562664235 42.38209656574688
52.95121019750907 67.5582454272465
0.528317887611085 39.800748219072425
28.271570981252324 72.72721905080662
73.26066003533433 64.98644396691193
47.79094387895346 8.445158643775796
48.13812973822835 71.22802433643271
38.44375962401006 82.89402481626314
87.24452757494925 22.110940128621703
49.45982438842456 5.280123474916909
34.51300371570196 60.97167377377417
16.458678217619894 20.85699777026563
85.37273131284181 17.814596119316374
39.092754840021726 76.44694865111678
69.18817636277028 72.61928331184515
78.74812999189983 39.686228886542494
30.24108123779241 82.65772816178941
89.93895222488389 80.09154418103662
25.799242420501333 96.60353181662684
59.6554971630973 66.31315350219329
69.16476659928276 35.23042275044666
24.054525952933524 49.52595377835127
7.136251208185628 78.01005625373129
47.440896393377066 78.67930872919625
39.6539309327151 69.70401044824027
33.421965629853126 67.37375346456584
61.74756862839208 61.51934079520856
39.43970618373477 2.5602117956582404
81.66952472572682 48.14318391976469
22.892807556539317 65.70357816753402
4.956839865961749 98.76379421657923
97.79821302911087 94.1334063377252
24.488857516392404 69.06397644245176
11.968805580130581 6.956138138350276
91.93768138339587 80.45241377015702
62.71295760758303 43.136640313004534
2.875494345915308 58.71947227505224
36.782832560661184 98.0815918423599
59.591338250673296 96.93292469080049
9.652439595631057 43.15836365834069
44.336105827901825 43.87721778631267
82.10038709249426 98.2530590213295
48.11188130438532 11.475983708696734
53.08370862527416 69.55194041727894
5.601386388854124 38.989796888152064
15.982552333287014 70.38116718212889
98.49210913066125 46.912069818146406
6.959682329142137 17.244122462544386
92.67477037817604 93.82356151160748
5.090193829792755 61.0653126256255
26.354461755562863 98.7789433936745
35.89900895095832 11.210992309424162
10.106989202496298 75.56416392270017
65.24932095844427 41.87905012767361
20.786278699072504 36.04187464038717
58.73116136678676 78.74727627967567
83.59809331686742 47.52256753852295
21.97200156833502 44.18636532357485
30.22887619024105 78.40070992644654
90.25445971705452 63.22584685520158
64.02962411500968 66.14970072726439
0.27777362450248644 56.694922844277805
72.98467431560667 57.10680689310903
78.61108169789284 81.98456454792532
25.55774685108426 88.32954882487005
82.30496328637082 2.802582517991281
82.881451047212 0.7931754643770494
96.86944394157592 80.41543156987778
34.1160882825985 66.23907687562375
70.21988276138381 53.320524835589154
68.94281328007861 78.85770738899647
26.794290188422387 24.290832825178576
96.30158548711539 46.386716614840964
99.61824767331319 1.4693320569030055
37.041592427886286 73.67838889018957
88.63390218185285 86.34383938186335
28.031570689512165 69.11414985999718
5.596039432636735 32.040962813897366
58.730781370136 61.32915700363867
85.99287365281522 42.784321991539485
26.015534962419697 47.382106951572446
74.66395575068118 72.02771087723198
95.94039472013317 48.051495159015055
