105
78.98779140410652 62.5207698283753
36.66371229401088 72.32699262086902
14.37749157279491 26.05611929342665
43.516981411591175 6.7716819026825465
91.79588465892945 91.22642120807008
85.92048235487844 86.66727522690672
99.19093325502813 6.301166129161217
2.0094794295930862 25.317630165260184
94.44950390500543 69.55989666654709
57.19869757630753 42.390662609627725
96.75658517336572 2.33343092811632
35.96510044147115 70.50013374737668
5.123021868723255 59.98636901728365
53.110220420018614 86.1092231413953
91.49182921277583 34.54859994497139
29.077201802974795 6.409233600087028
76.79344497883768 40.00992284262522
81.67094926284977 22.653056804140437
70.55446940909444 7.487489891040555
47.89024219611765 17.13414466208568
59.74877972735324 42.78154013042479
49.968569143258236 5.639794118973085
20.685423946177018 13.349846950510269
72.98325646306893 29.55408879204482
42.765451558567456 35.02348458255338
20.5522908890579 67.43760931746236
39.54717654438311 20.977148138234337
96.67829338136634 38.4255236346409
57.280896128828374 96.69282413469837
29.543802033186537 80.28783107754423
47.47313816881986 85.91228037625109
47.70158293429046 87.52652362643425
86.54479852802956 39.325504767071116
96.36125727040114 11.401928125620808
29.446584617242078 44.67999986386921
85.11851855356974 51.604897285840124
84.67095177755898 62.08750353897343
17.741046361612188 55.00565221461876
14.763685050548181 27.628219239794095
48.193171993491234 73.78865747646654
79.0535373694449 13.796800886370864
45.66405090559375 13.240966987254888
43.21011356487019 48.56786272775899
29.04509949991583 59.46839403718026
27.292120629751548 82.69450586042272
86.42203164110171 71.97313437922838
72.26409740665662 43.04382573710526
51.48991327635321 73.85209685473369
44.35876149638558 48.50259820204137
11.640967158570813 60.260668559296185
99.80552722516836 83.91241120366111
83.15310113924029 80.19598124884665
53.86827174157326 32.485234884091064
29.688875344736832 66.36587876029432
58.486855480249 57.01543317380124
16.999466036257317 9.600674542396447
37.269386972489386 89.9674516135716
14.637371887795524 11.325872501018818
61.92106523535832 7.139579648437177
98.3283043824028 64.56487099775612
91.49759012394955 61.592348642377125
45.29996010807456 92.95111986403074
79.87936850746655 37.03782685565065
66.1983066138842 10.080168649598853
49.478831512871494 84.05442274256872
8.327656180962073 20.160424175743042
56.255087360126055 74.70303586780767
19.5646308423542 52.71574007061102
49.66468120512813 62.46841193853272
85.3173842707051 5.854089058202982
46.34058609019112 50.163517741047826
11.479344092389997 68.81813378674768
76.5320721375414 96.50947919565229
90.20599917845502 12.012971436503728
69.2489129274542 67.77409922872735
25.834842240243937 30.49941201515579
81.18695279464303 27.318346666239812
74.21694925989274 28.179707232875707
2.3738727015402583 20.355764643667474
22.867954813436153 10.5648086601133
28.76678617908247 84.19513386152467
31.322757328511784 45.2619510922454
36.84403668610403 17.903775800760226
71.10861176382028 78.129884355359
8.152971753671935 56.7532324873703
80.11825113583221 36.521351698728466
34.17750413888824 71.01589879004239
39.854000221754646 39.22352400899259
29.26923464131694 76.20970342105251
67.00969013049901 88.00021937983536
12.27852500822959 40.489605384217185
22.79433264500128 36.603552909341786
79.6603934290276 61.35294843775678
23.51339908432063 70.74248552296774
1.0158475452278881 15.786078808519054
54.74137613097846 48.79196621473989
48.81656162439958 97.83639212171154
46.9761946458985 68.55449853068805
63.853798177117504 67.03697092061486
35.664998257056624 60.80568122664977
30.89836607295251 93.02487515322846
65.10375947069703 9.785236355574845
12.020207362805312 67.7023977044632
60.369206261733886 92.66388047352778
85.52190482272464 47.16631528427061
