116
65.2104134262159 27.71019669359709
41.840431309457216 18.90020987067772
11.673048791698227 37.06866720104256
86.03863872167776 0.5942879636399612
9.15965002896102 87.69877939064041
35.548269144235825 54.5553386003317
91.37718660751645 83.22301907088492
1.4178630735797393 24.354936152682193
45.9029796175931 79.65854074876604
33.278744516218374 59.22260028469874
71.31807859596645 26.963301478989443
84.13984454211281 87.19997096258322
97.75254499147768 83.78727843235714
78.84704983574368 74.41409916052112
47.446016365005406 10.051959458032943
26.46281124079499 70.02602219293672
26.942541300689328 44.09686217115822
4.720076977344623 33.754368357061146
20.022143705703265 87.73073586041855
16.364294066512507 60.145898402317165
7.963091535223443 27.181188978697545
0.3263921732399422 16.64580818775714
31.215903294888882 39.390035523595365
26.784532048061884 8.749550125407623
39.18775405459775 85.60203306519686
34.53466751269557 85.06634589250557
10.251530508037622 67.91869657230022
5.820103063699111 4.838890806609708
74.92628228989355 44.30606444577453
36.30791552807572 33.30795384726441
6.940437549835932 17.259169228015104
13.726193718755752 94.66522869049807
68.07575761915108 60.66300744068449
86.5743772236114 90.65590229514223
26.082102081697222 63.052463201082595
32.45554650319744 94.73342133187028
64.03848856226298 59.37405735861921
99.4940502514522 3.907169656081888
35.337655848158775 51.31647061268496
47.259796467879426 73.70542283205005
31.101087652359826 97.10747549628547
67.40896409833535 48.47665240915884
99.00364028789917 83.83771606496157
14.085711035185255 88.86594370329213
52.91194201437561 64.37507109856271
65.01358655012226 84.68260114411245
11.984412853230996 98.72454855809987
97.53270712050627 86.0075176006057
99.64928559318314 71.12171765746602
91.2599153861023 25.47725102493823
98.65894164263199 76.51112834920684
42.896816419343 60.10761084944275
48.31180838923284 71.27912624710515
66.31601488272364 20.52708796352185
38.0629343696874 26.579899788298032
32.46242785192091 45.57107686875853
19.961412387838095 37.35887638859199
88.75723885852882 1.590243096413979
77.112440126709 90.57331921785973
22.620775255317106 0.6482308651375557
7.8034240282386484 45.76575070717374
85.2966722251868 8.781819127524304
64.77106308331777 88.86638150498584
34.8004316847028 92.14716159009654
79.23965860301823 6.558883972301521
41.555028780220596 62.28438659419889
88.56554090077127 99.9880654690235
57.4567224328038 98.09974292175308
8.1159604979667 17.932508429438588
59.18736255253781 58.65258116118597
1.4045801373255395 14.880971967249657
39.08998661052638 43.57211223269331
49.70771888510327 52.71498373651785
11.022542882539854 63.745784690346476
10.667561190728204 49.31119999249102
95.53738672409995 6.7717480670069445
12.854296728142224 12.755276553578065
81.28193840177302 28.10247147842174
86.05673357984817 93.53912028079522
85.46126033106518 17.478990521981242
78.69470629262541 94.93160940455562
20.596081621825878 4.822686662842946
50.89473397904087 82.56218416662084
54.00372378936058 0.6051856722056548
26.752789537485867 67.54726662717243
33.689164421821474 6.207545178758611
40.51624884715436 44.37459939535875
1.7968232308574694 6.893454250668974
74.01855775546093 8.407463096943646
29.17305425867196 64.19800655325082
78.56720251457872 24.829528196613083
17.503569080932657 36.0949217900454
3.244106835781835 30.10020258375978
85.4731228001435 25.614740354615652
49.325262648990986 23.927274206736815
26.66969708586622 16.766346773321537
5.686092895653938 6.159750496656224
8.8607978503074 24.09937194815901
97.5742377498134 97.29999293074468
26.930821982554352 75.68296076011872
60.70141158636012 18.657431571274653
92.18447534905206 3.584614998266511
73.66594390302424 41.343633750975584
60.83223789035299 52.77549395914527
93.82948192333266 39.77823610750343
62.37429143293783 25.1019401829062
79.26872966855863 46.26210722239967
79.8898086474746 91.38020632100282
12.689087209908434 88.21266755519
47.78482364258506 76.97517300791408
64.28171785269065 96.92279964392449
85.28362588745296 99.74189597074744
68.31229827431537 96.2130454389913
51.846666332327885 32.66670881146797
25.11417476627201 45.3534937301245
10.392224562892382 64.79360887850574
