165
78.06091868779954 50.71203882035584
97.03545566847174 13.678121142470868
94.38459542324772 73.43019516449974
42.571688104900794 57.18269803204098
2.6812548654030044 24.349908494683813
32.86217489468457 2.103835544233734
99.15761397291271 82.28050958310794
12.24002908434355 30.130230255255775
67.55424167766833 41.1137809246803
57.43817544872209 75.9181644341757
64.87432530420621 83.56721160827307
19.150134005389763 16.592711937565497
52.78775442930396 14.781508235362327
71.76738155091662 78.8549452504525
96.63386707206118 37.169805865064056
14.016856540408074 51.293318274522434
7.789888128860978 81.42716793942861
55.46955632533764 85.3739732331397
13.44020705508796 77.58540056494
18.39116568237431 97.72747999996831
23.347848659261683 45.05013032324516
42.106890960063424 60.80114060245857
73.91646647286044 6.894887153398754
84.53091763517088 23.72654526449506
98.3353184231647 74.39195658546886
97.96369548395208 55.1173613298281
87.55224119855947 20.580852061020472
32.58735360145194 1.9788966704329058
80.99473054936774 40.065182389797705
6.143899817105714 30.97318831806354
84.43698599059744 20.23869665522724
50.9106355192649 79.62488097590229
40.96382957291672 13.44427202060704
65.93902966437015 6.372152439669243
52.28286795369691 78.84382442903687
39.565867333923755 54.50329949959362
48.52115461891533 86.97107724382771
44.66718554343111 84.75470777155722
25.755561947054705 40.02938114636958
30.674517397035206 15.34569920187916
20.83084135088813 18.627872622316378
29.27444352044254 67.39378140330065
61.14037022795937 54.85724070464732
44.20450025443768 19.2885341321289
75.6218974833149 67.13538542890645
84.31819605581296 90.11174086094131
1.3108214191390966 59.79309629319115
65.26470281309152 57.77833571299894
16.057704319139766 34.993355550994266
50.22325164535856 18.072138318935004
20.72809460203765 16.91475518166703
24.462090653685785 39.85817411701026
92.93684932058743 32.00153723180791
26.765867398061292 57.77017545976734
42.26986859084126 75.91256777863478
83.28020444784543 64.89235006535768
41.19694971543796 97.31348889794761
69.34547676186266 67.02282686976504
75.38784640063426 37.47228689569088
38.895828221147134 16.78590483207222
9.02922589686954 98.71433324061734
34.91894606830238 65.77997787168943
3.30250677284748 40.95195626764521
72.51993148805505 32.64687519566086
10.777791865028508 73.4762822383364
15.696073185918424 40.773776003176906
39.73749953712128 23.01536566775567
75.69996745633239 23.263300755677207
90.32809192929331 88.50456238572966
20.711983790613086 74.47788466497607
48.360370896813784 99.30156759906026
21.905023238593646 57.30825632547823
64.68434390230516 99.55594136283972
60.0217690204512 69.91716156603205
22.952276777465496 58.23131967038837
24.559308471849118 12.367932605825604
56.87620350789787 58.249036849843904
84.67710829705352 11.339494044832122
53.420573516594224 99.59762758526458
76.13577389744158 11.258125326742462
38.653165875172455 3.580554827604099
4.632570066807141 5.007097244108638
49.54330242355629 85.32615167768557
91.92314760734138 23.794906239318124
82.11268692290886 67.42162889096787
94.7548154474032 76.80841288001145
0.4420357441771272 23.655678791483815
16.59530951650774 28.253970632479763
79.11828578069576 11.658137659209578
42.3834532660183 93.12896038269412
83.64486025317133 60.50996634638584
36.742402731423674 2.1836233309974418
26.16948642678121 74.12794637565575
21.814143401010877 5.746537489743952
5.107270990104662 19.15407294075925
69.1940521087498 39.93945272876582
7.912137966627464 46.40807865885693
5.621614467721326 14.897285565586383
29.653570477381987 21.090488831694497
97.58311854899343 26.42784354882741
2.962697182871621 42.318099967372255
13.913305891467509 32.07095939097987
44.36788727525902 33.68630845531971
68.28227863570737 27.564248631048994
13.604528750324263 39.49923741375272
53.986146549102386 82.77819994163552
16.71784790933185 64.51076882121028
25.385728423426624 86.36865231511773
53.89042967939059 65.23570450455537
30.5697738187357 21.99684226707538
29.279170927619134 54.53131317437544
18.007021441823877 49.628420669953336
55.643620661798934 39.88726245684621
20.686161433151064 85.16317359948083
57.02049298295062 4.906200931163696
52.095967001764485 86.74222137107833
31.439864078076095 76.94706634340098
37.29229697760385 11.152262599727859
85.36510955921277 40.502922593250666
29.602420680491413 46.85192178142877
90.94892674434256 3.3112610000464393
75.24782117885562 38.289037913159305
32.475680688659025 98.32847839765752
24.605236761486836 7.030526569784035
88.26824555364283 90.14390532653522
75.12904599885822 66.45963273544633
31.927465001627176 55.2669741215912
94.23664217539952 69.62189076781823
49.2982110182116 77.91045650568537
25.1239214043497 75.76965774276974
71.70152366698869 84.0504756293835
93.9085568828343 13.592664107588648
86.53762714886611 57.51450698506775
17.979157818224945 61.756307958669865
31.025632473657772 63.50145425476169
56.745091004163804 50.5827862453731
62.16262724975425 71.8616258921731
98.01458523602086 14.276036866190955
82.22229758637843 44.13581346660336
56.139872474410744 55.477532400380305
13.330944008842117 0.8760880384259373
1.8576487038759248 6.085943244676118
9.12536750892432 77.45435274043056
64.46519065326808 75.78703615949922
24.15337618670327 44.32731536612013
49.624347902060805 49.21829488569062
25.071149173422537 79.08390832386385
46.72127831465759 24.79289470348164
96.96550497316713 35.38359171537676
62.48295574612035 10.7710175376583
26.360896153664036 28.78243055523545
57.92627536362504 8.167177043815432
47.01744543818332 21.734275798458235
23.48986579173864 20.969980060543335
78.62202295424781 65.0493608937371
98.17399395431184 20.982341936581705
39.30456018480747 55.053161698177455
31.404632810952094 99.91939676028426
93.16390644031274 34.21798970819688
61.15877247075295 36.12774404660824
33.92848376842977 9.380074724299048
65.60926637119279 84.83758827278152
16.072685024835963 60.68453397585104
14.217793871219087 81.85105314845516
97.24813129807664 34.58478285332196
