182
93.18975241392778 30.88084289318781
39.33667423210989 97.9080971208347
57.21576386006981 83.58456466378719
60.66174720621503 16.407495857731625
80.69929238574858 14.070868842925655
74.34867837619204 70.37375168318457
26.018875126131423 60.3545127179031
13.103527831208272 9.946220663753301
10.520389887612758 0.0770710567872479
39.6596114432114 5.377084585440461
46.24452696189129 66.55502078219239
12.81342121099145 24.061821196746337
45.22439561647398 55.92485296931383
87.65157166377946 13.694778396591168
42.54206429917442 50.89174776170103
14.738921059026888 36.972294299480744
19.73116814534529 26.738249961390327
39.71005000704986 5.642069873277322
8.477381273816354 42.72600530442562
70.12481782923675 81.03235327355418
97.7436729246082 35.73898699776669
12.930172147487951 74.12102217668313
8.959056021387735 2.629681091467806
1.5906684343633404 79.62794400812751
21.468294933863806 79.45374889813654
19.646253421701033 16.117996697482074
89.1560976002578 28.026428397271353
22.184467277289432 24.40965735138324
13.328655229504161 85.68470956872596
38.917972799834565 85.9865121751754
34.8008526649342 51.901106072965355
22.816584812952456 32.04706816945726
6.19901718244702 70.32650933398799
89.75342001080094 75.31162482375615
84.85361365670036 54.269392658286186
39.16552099744863 45.35055943438033
82.79784083128531 1.5446543604133667
61.63346377603044 44.51614449464814
48.4903185005144 39.65455223051614
85.80957598997867 33.79520152440069
54.40152509723909 86.85546342111792
64.02175901848467 25.282214405644087
9.23996167908644 5.900334678478714
87.99544639218918 85.76076757687923
61.41507339561589 84.46717736419261
30.99610379097345 82.74062028509162
62.88851316163176 63.3914989112491
15.712742578907136 30.51580766957821
8.171597526037932 67.0672092858295
78.45397763632407 94.23605237424597
7.436056122572965 13.458224297331089
61.9831808323614 97.56557016618966
19.051012100842534 15.067108207793389
22.471266443882154 1.8545591547585616
8.721846647529375 73.62993540421208
7.743705406454371 99.52033494643662
75.73006452983513 76.63215877882632
48.33749134188202 98.2754222376458
23.02943185829516 58.60600572611791
8.498396361476868 28.81658350247166
75.8695420728814 47.72095732719407
45.343606936430916 16.569106434882908
37.08098615548242 93.66295537854181
78.56226027769979 50.13810756203932
72.57240082804077 84.48315819402458
63.87338480564155 29.61956114255613
70.65152807477287 45.06844639554964
39.115766712562305 47.43607065525218
95.36034401861362 7.564185102180265
73.65270207454833 93.32764868362771
97.08072814116606 14.58456264996838
71.17391976955736 71.74598350846409
54.76111921848978 46.107058378429876
9.133204899705017 67.0116423925425
68.77672372036713 61.186622668290504
34.39210878811054 3.407890177438433
94.6927733943715 43.66139623139136
9.1378292129221 78.39225347232446
6.305360268406346 6.613961950556558
88.58385957638133 16.32876567469006
0.32261155710159306 55.47767058521966
70.92297589313414 34.52591148808456
50.133033631211 9.524424475940041
78.3961561300695 87.481776605767
24.62562012581998 45.756969560353554
57.26431039971214 21.464441386146348
56.65709779999477 91.08721097722342
97.57357918933813 54.32879308093774
32.247672817868725 14.578128140886681
6.937733900415777 42.92076063029961
21.976928844970967 17.036571664677925
83.44107119653323 9.559851676447318
11.923535829434984 68.07289313431832
28.899215832040102 35.345008613311116
71.73357852206028 90.01706156165903
75.62207565665831 63.15851188756155
37.481827928340586 94.77098653755782
47.1991585788896 14.927333092907224
70.84911933266605 76.98512036408242
9.89094284954316 9.87382950785678
44.553664619937 38.370075407627034
93.69133275263273 68.03956217980718
9.840278493334253 52.770981218911814
72.27054620561638 48.767569337724225
44.17065601014344 60.19763995585114
47.96157267706167 57.57682052768545
63.09753759172805 94.40422835321652
2.8535956774737747 46.49130863898105
29.64701075926188 87.31747750476629
57.47345689066371 14.783850513234887
42.046964107591144 11.227651522329529
26.883192876787486 54.97373622057417
58.12144839973242 80.86020961514907
83.78806438382702 49.247931610967946
77.1770946488728 67.91692261612275
59.315221536603644 26.470475489731026
49.665567212889684 23.25008187094484
22.013734734441215 26.374537305668355
14.736066717507857 26.760594293391183
44.58720712144455 95.08645532996894
68.64484473568531 77.0408846859237
84.89848420119534 95.72720516558901
34.472063039528514 75.44609135800596
38.063923316783786 31.634339435451775
25.93861679470473 40.90845289531187
66.47377572038754 99.38005991653215
90.26658563194829 63.617828864234546
66.76511019328534 86.690857409013
45.21768800683091 56.409775910668515
99.59452094786026 47.74511553671802
14.644522560056195 80.50577957406637
37.34994703489668 78.0387518249113
54.64149888290694 69.19483440086886
76.04889705194502 87.05431948867928
43.171072101134136 13.48661897443224
42.1858451260447 2.4818175764878325
34.75593351901855 10.388623093110594
37.340209531412484 12.348652481060473
42.96972716892052 94.90732007937154
12.133047378827122 77.12292360039467
17.300677026199185 10.266251545751025
17.473954623694144 77.71313725110588
10.469534375303036 68.22265879108203
60.5892055595019 81.24168814237748
24.79689163771398 64.63771690420687
53.7023217144927 58.74766856189261
81.82378203232928 94.33914801754408
59.53567916086965 42.28463751008299
66.10066607536051 16.518150102078387
26.662817487434822 32.61865153518785
50.22222786647528 0.4648645952087027
57.152937098906456 54.57421055860735
7.691803457710556 16.72849803677877
8.751955781280241 68.4817631410202
31.193305052638955 68.22989223133938
3.585628790686224 85.9955260402644
70.21278984765408 23.81771118108319
73.73424872616067 77.50038465601236
19.411542116167013 55.07543735345172
93.22476037076738 68.73365885124015
55.711217155482004 37.945244110179374
80.30802377135501 0.6988917672998585
90.39069583308711 89.08804345978999
84.35281880854153 70.30212855691515
3.5014744759430005 79.28280097347961
50.73592223519361 4.310418773232216
77.98087788084285 1.3998325073427575
15.690508159714556 96.45163638032503
56.523679529881086 13.911881016310112
22.802546369619147 70.43005600939014
49.55114915951451 9.926033575074333
39.506306165620146 95.31174174124168
68.14046956886645 25.436415422488512
49.702138168193535 12.196344320031427
17.223098824195617 91.31135051287869
1.2808704337857413 32.14123687727689
22.626897198910456 34.10312723618817
54.97108128444573 67.30876776306413
70.03457078210992 21.034454296084704
53.01829036431912 25.795689783895703
13.462156410482628 84.40450615926555
39.616233120819174 55.431126238522964
