150
33.496359467717 7.724273351821809
63.62517436870376 14.763570542704462
67.0355786147868 79.2135678334817
78.01083928095986 61.625157419953645
94.82372429616575 91.0805541616436
31.21571211605727 77.041571650269
66.60659833084512 77.3109597986354
43.442948051614636 57.8809295126684
55.80101179976036 46.316583501306226
73.47999868547689 74.77069811901507
58.777476317041675 30.681997848234055
0.2643859113126146 91.84412920066465
62.05337067660793 31.35601652761425
72.8930596629647 44.59821122482299
50.86271685020325 23.50503051856253
57.903516625341275 16.360045332547323
35.75939667289719 37.91954862524829
29.104496656408983 9.936335151173436
99.05244736112064 61.95558477307992
7.968479202463641 95.71762384547927
86.95037946552422 94.95824620759737
56.20412112309037 12.35265232513627
20.630577509608084 32.113899116742175
58.00624824356924 37.165669442710694
0.12795985371013563 1.6517371021608662
48.21146893916529 47.58492416431947
78.47733425213522 65.9110113855942
54.75256550709835 47.90875875270299
35.64675051333674 47.19842356895795
87.40652700184735 49.605306535198814
49.361119243801234 87.3424931462553
6.142272487672084 84.383301318478
69.87378252591336 47.11542863361184
22.977855685493854 68.4285985655516
81.96909307108406 9.834741242604672
64.2854037169674 71.05973308819887
46.81760215158517 77.06086693077077
31.729079212564393 3.1831396430874515
50.65895540583898 62.884224621583854
73.84042116200939 33.53835796246143
3.422036868499545 87.54267845803871
39.598981637567455 84.58614731598159
9.935722479610066 6.253342800024009
35.06320097145086 87.3616027286694
79.25174774623568 35.119465399822616
3.255125206632148 36.69209386480231
40.04182207323087 2.2138802472413954
24.359009126842103 65.86353141793289
36.73025037553552 82.79711964819323
22.23392846493849 29.98039706032124
8.586079786134226 87.01100019939682
18.793154031399705 28.36495584439065
15.196772045812457 28.51919739610762
87.24289461432369 89.9009706479355
20.22001297024917 52.14477169486232
59.10088659244324 72.5672428921958
29.113045905258506 41.72384256643166
32.873943735683575 4.927825661149532
67.02324589988157 54.047699232385135
60.41051964062029 34.07065827925639
11.561702996424838 62.74934120878398
39.87590731567835 86.13482830263258
24.472646173289892 37.279711016385065
58.34083874383359 47.895229242181394
65.02952512295455 84.82168335353117
77.77102878551082 23.104060418775894
13.983881023671806 30.731582711728155
36.16427358194344 71.03546905570795
40.00046786511595 39.81574080673984
67.89088644316769 8.37178183677727
90.03337549640341 88.62390358486542
29.400533400701747 20.68261557878952
2.5262716609261493 98.73859597482175
49.04457433346813 35.70026342982614
14.183287752431784 18.998946614247323
95.31266011927464 50.39954464073107
32.05870504648905 67.59626050738632
90.12581716722799 88.70040415900061
76.83469436766026 65.34301573559411
24.043666103326643 12.333476084287643
14.168338200025321 31.893297998029457
19.803035444151096 8.86889455619231
98.39364196390216 93.2584045071481
82.62729629415173 44.59083002844664
22.296568946349737 21.395016535746393
90.8026738551096 71.16848083798058
75.94278248338955 57.60461279998417
81.36576908483293 12.302943443648374
65.60368616195798 51.39028356757891
2.7783098110164106 24.711281841784285
51.32858421576427 4.731220984579309
82.8815888020397 46.24650366417963
63.671269201940405 42.24915293617183
24.38903575915169 29.978497875502576
20.271536610348107 54.3709911952438
62.50591196407037 59.485789170010904
38.1028941969613 2.3239194178733324
14.688197370619893 77.46025114762807
51.79039224148677 53.165699371347216
63.79268801668944 12.662826685113382
11.518379040250027 72.73921891523068
71.98781990516673 50.262335668376515
39.92476139489881 85.40740928157493
9.798859730046406 96.01451236988909
34.58178629153278 54.72513867340425
53.17043764077788 66.74680029351016
21.948136602390143 55.15864421335767
36.40852888859919 35.33509825990048
4.495544781299743 10.98996643162452
30.593507794102315 77.58450089463041
75.32001447662952 34.95787110684011
88.39467656314052 84.75368581842714
32.11091505570628 62.542777978204754
34.604866947322854 28.180613379251763
99.9485568591427 97.58867591170421
11.523708608751104 28.621457456770184
9.387899277022239 10.473187726551991
75.0215729500493 81.36928312360652
21.200831906515404 56.333813784205
8.229900295221526 63.0144028871513
80.59237046011792 79.4639150878717
56.83575882708616 77.25060817027925
10.809937629258549 80.29450148472942
53.601000805027155 18.83314470432512
62.11692697117566 19.559624274220777
61.399632462453056 91.11237957569803
52.23927245666419 38.4127154285831
7.450610257965606 90.06796204498748
46.274734985878084 67.18371229997403
26.706603162209497 97.11141101842806
84.87807764676982 21.18832199885008
17.18754372859411 49.73390672315317
14.62270025775485 7.277230904210763
14.03831723452128 92.58667618372162
36.62260719622633 4.963684365956689
38.54101802298416 91.12490390846773
55.99710985941845 85.07406570821854
47.79188958421192 99.82691774489996
68.51443617105461 75.01467438113636
62.324242471415346 27.62323487072389
82.76676979301038 94.59974421162084
65.78559704141288 93.03987595986968
59.936034636174654 88.4534989514785
71.80914954393111 52.50662769368295
65.52270994203457 82.57218891869945
16.502159121585525 67.99433298663973
69.66438884961296 58.05758419690087
41.1671450908767 89.53535621948839
8.646585891687142 95.26269483937585
67.39408410900143 30.70220516726274
