115
87.3938647487272 85.99939450710072
39.987579299636664 72.23963390633196
80.62059397828627 27.744861456900516
97.51750299643417 34.4490210593967
61.75282974587787 56.66067593062274
86.69115713831822 55.586481677131985
36.77209091852577 37.93602303442428
87.53093494042481 68.06026152688398
20.358614390965457 56.4948809260708
66.61085226907146 55.978902569648895
73.67479282751582 4.160602734198571
89.59172116259444 79.91236787889974
17.386235096471637 81.93877567147452
22.708256476744047 15.64621614263827
35.86547380468039 47.92680906515374
34.01373215350523 60.50451024530483
71.8259766944005 44.049368406518305
34.25488254575202 71.12908269108576
74.30774387712405 1.1358181687604607
61.508314789366025 3.639763551433073
54.65274742351836 34.050357747185956
3.1600776246687667 41.858482882376514
58.756013704721276 91.6850233820768
66.02409408352922 28.393906251724456
1.7728935536768353 50.35660999021735
74.764393488269 43.868553300441306
58.511486180606596 60.960963841894
51.54003391485126 44.90022526064804
58.13296206281613 91.17329650989441
64.19769648017548 99.58973716805696
93.33372504922617 15.946646883152848
89.54238915866615 33.78104461876822
29.46776333698442 30.80804424154895
1.4675261787774785 56.119296734666754
63.27050540150957 65.12761554075614
88.03558055597223 40.11821586886724
56.69040656962423 29.7122744230194
28.668815049758123 97.39155303585302
56.53937877585318 5.633427536571389
89.10165481153042 98.71177783604959
18.793443923073973 96.77881833003227
49.42743959837384 58.14888914916947
10.511191762208094 73.32650805512623
52.146631241452546 50.35190062473708
9.297747425475523 94.51894384409486
28.43678525872394 90.46907837579697
63.797243965601005 90.20455973195864
99.4057245000802 2.034724334054716
71.77073869995027 41.580823815196354
84.70800952710476 59.64109424907438
82.9057774446889 82.02730540293915
2.6027492675461894 26.749183915404107
31.191272469681465 72.14226470473707
94.65573981398373 4.945707445880698
88.90470589462689 40.37857037010419
11.314341123081295 51.74965718953841
24.7694831310176 46.83738674658522
65.07398467286568 59.38009362307967
56.77277994792846 49.70326676104029
3.49135944012422 16.424771516837588
31.567891936158976 41.216248675427
42.86925150354284 55.34161370555093
33.30213008428375 94.63439732782759
28.492448156567885 72.62411825561132
47.0518207927695 22.894145710370463
28.965583160878616 83.40142531087174
30.44027302253769 49.79787002116146
90.844254958663 21.475427471286956
95.7455024577434 31.647282908126726
70.87119149154228 55.078116197033886
64.69813802303841 91.02180968549351
28.846241322093537 36.28033034866254
64.56756800727905 76.02549863030116
19.744323583681656 24.398970206649185
57.093311625434175 19.807266754527763
57.15813464250111 30.85050382742146
55.62457838874168 21.62459568443834
5.061203294890381 56.90465580873525
63.08638387965352 92.83640046133593
23.749907510051603 89.54161746173808
84.41542868540377 5.661507271690924
66.25733094428338 50.55548679536486
35.29363261006686 34.01301687615745
93.99511769369468 71.5552166576826
44.507063835353065 75.54941654446107
88.97661709560236 40.72637025047589
27.96709968322898 34.74357537823093
42.21997835860514 4.293854868970238
45.69256927475626 69.12977360501344
23.719542600505005 99.24263936514681
95.93923096286541 80.57849602711559
69.83156203636187 29.120427531133696
1.724227670934908 73.04250229423877
76.25158193378951 21.574100733915458
95.22282295850431 45.39468775533364
68.44483529004522 47.08616289202503
81.19211986077723 90.16498248447857
34.11524229803362 28.160473164158816
30.990592185785747 1.9912425295234737
2.206195471637218 82.01361876595844
92.44728874785115 9.165739506007565
61.05553248434733 30.256471265587738
35.044860535621794 92.20533355492863
2.5148185830019765 1.322160331116684
58.49159294663925 72.4618291162239
91.80463908264214 68.77704455006719
9.739472685397232 48.98849278159846
83.02524251854437 87.05885569659421
59.98683172232535 92.98363389024962
44.35247616002037 15.897889632686447
34.63006370752254 86.63944523884123
18.847795788418598 69.4035685404222
0.26901309932033657 61.227665994725854
42.59960872760708 32.48655673212328
54.1660598891614 42.702930130302676
