201
89.091279922082 33.593533770986724
55.35572636083883 71.65497545323717
62.24558307814024 65.398161230058
11.071434180233531 12.977241622458624
8.709075068266914 33.48318562016984
16.84016420336666 54.443616777134196
80.61625348669273 86.05987993983594
83.84275744856228 50.34054760106213
69.91903591223341 72.64727675899162
12.30208456598627 28.23777368683993
40.48832976619531 0.20076859517227374
31.059997426913235 32.119135880898334
46.987292173765205 17.625679522501304
9.990943786122319 34.901775693374006
14.285599266106564 66.8663622435746
89.75722841053965 21.3200537061889
28.435830330738156 3.4508302053660844
64.13781129294587 53.763733184194976
32.98183403654774 79.88057342365609
39.92837766426123 72.61938849165091
28.98696629629941 88.87371912163174
65.29414110463337 67.90541656277928
79.48627829484145 4.094886824760335
80.03763707748074 66.78915790330966
5.201033929374654 20.505712795283614
44.0436200371365 5.890146329259194
14.147723367809705 90.37505359162932
61.689733537922784 75.02416133832925
69.17527453575393 42.858979771499925
44.25140679314621 36.30684307895199
28.827735448554513 63.338360572192656
51.56755288727625 83.59634222841633
15.451378162021335 59.84284870270121
29.20340739496332 94.89430462893007
0.027635367379652553 20.03491479825018
4.828719246367552 9.134483480360755
31.51267337076896 75.57417000999851
91.50381943969963 20.3526578040401
35.64081209320378 77.35593856267114
4.937319691700093 50.549499035153666
59.650493518000005 25.65750232749614
21.00568160707388 59.0629469499396
8.254888874463862 96.59144522390349
66.46901464881321 36.14818056349625
32.79555686870138 60.601910509057745
74.3184021002905 10.29790894961855
64.55408767823157 1.4580056945240782
57.842024068580265 80.38852938570304
54.19433145837653 14.45852572221189
46.9976299796107 61.92728780791173
71.93917583535091 90.09519198049745
52.90148596728565 18.429086343541236
23.223537428217313 82.5411514652505
96.40424395055051 40.43790897959369
41.349456252977035 33.58449570359659
92.7596426810243 33.980499177536
84.3382650328117 68.00324608329136
69.95992704528436 45.44235934089586
97.60449204693539 41.93844391092285
16.596406270377074 37.16923559332035
10.107147885223933 37.884680035558624
79.64379194555683 3.1859202311452894
21.057852047840075 49.338643487560404
67.4643789428718 21.12089679514598
49.35559452852566 29.45778049766804
4.57578436188194 58.19773252422328
62.406147886260555 18.78967055777717
0.31542033020630633 10.440811781765447
56.835141975314876 73.30670690431572
92.96002483895198 57.63452910425361
43.91462038472329 67.2109896534064
88.67498738165702 40.26501273555883
73.8496546419381 7.661031461845546
2.995455309889916 86.31623055972398
34.97329070615051 48.17773252952624
99.17919583603457 13.449964149810468
31.600976045306194 95.25468725081748
62.53026948394111 60.5703492897122
93.44937625139536 65.39282258566702
38.95465554535799 84.84965820228142
66.3185245841388 1.4051509781343507
20.633039137253263 79.93466261589727
28.199383826018277 97.3648434212576
29.947664140387463 23.020457584082767
17.865327361028584 59.02746554349274
32.5770874592808 39.49065309290219
48.844578336429876 4.738004593760059
12.920143750961866 0.4326178393623592
47.33289787631971 57.759987238246424
3.2059565615218277 42.83975659942938
31.9581011819168 6.962576433269751
42.6399235640568 96.68408388974505
50.593576630014816 42.83051701770879
27.10519233924741 8.776103513341582
69.25343591157264 70.74960646469212
2.6143547633590947 87.82125155093385
52.22155520455559 79.84608673627591
94.30628034396364 48.52712408890976
95.4075379122901 24.56315125766001
0.5546642035483829 62.148464977260275
2.669628883927977 63.67174761188299
67.28312156201616 91.81834321127769
54.089039366964045 26.95970600458406
23.053407374616498 78.84042741086978
53.7998767296652 39.9675719397002
95.27588135718469 46.529148565842206
26.131346949781907 79.42202513084786
10.543988788698677 1.4081833829341472
10.347371396466743 20.02798404249325
57.64847595007353 40.66508677137895
78.63185068737363 26.844159685155688
14.024439796036337 56.29512635193916
68.69827368846502 6.517604026866253
50.171339200392204 52.85466882413657
16.80996850616997 45.83175736760609
78.03515848331989 44.67617219776947
80.65772714066668 75.15427023790961
10.684655947780497 68.68731430499354
39.62066666863537 19.970531503374012
25.551895408492552 58.541639789541286
17.551389979987853 98.54933099607594
91.81331831288676 76.64187945713655
27.992586266187136 28.123213873244836
87.29022988459877 90.90633198661105
64.98259196813825 51.73639912469827
83.80022895832859 68.31008011394925
46.68852081456366 51.11623845371449
57.86294231552161 96.57696924702326
82.1402499451924 16.3890404590597
92.36711229226215 87.08508579542104
32.792674613348346 10.856948846603121
14.487246360605566 67.95153787766395
69.7343795952558 69.05758797591943
42.30495753626562 46.61156612833398
19.148188485934792 77.91215554157876
41.622227082725026 97.18688833741554
59.07995167440849 7.358318784400852
28.623853554355282 89.10736354757562
6.097097351878167 9.787984362719016
92.84254772654185 78.71759395948588
23.08290640493874 91.899529720223
97.26081965069642 33.88542976482941
75.76895008426501 45.75868417245223
22.22370425976302 63.3258569341872
34.185913296096906 26.377088005540216
28.88052702861932 91.97847130126466
12.698148933666442 17.691030983405142
76.32393501571703 1.0897025769234348
40.76195415955767 14.45914002798313
14.850620933195335 54.26090983886862
92.7443924760154 65.55139659015006
37.77885106065912 43.700265417233354
23.143565303348 47.75902056585242
29.426754966253533 97.00523688389163
93.5285113607256 56.29321791948987
80.77296822766682 81.3196769147408
39.20514404233708 27.04373727833077
86.687311572419 90.08219441637044
52.69579353381321 57.40562459530471
69.80789020188126 52.11465815149311
6.402653820244764 1.5807325236583791
92.56910741318424 42.17942865936859
43.62298404462831 81.26583046466433
35.50264605279858 19.108894423736732
82.07865440011794 89.4158717403601
31.018845981810472 79.37630278853747
53.14013251545347 12.731364061026984
97.31091733938881 52.849479774243505
27.889524839221302 32.02837787728344
20.660001114606587 4.054668737243816
50.86689779010476 27.824240900854292
98.1539328740189 56.91531406612032
35.11100930793044 58.59289971194171
43.48646622210287 11.47124364057317
72.13236895490844 79.8168519579569
12.928465662714029 9.279812626532014
35.72995446471252 86.19634461964584
89.29821639878534 67.73429768852773
77.33036872549575 26.608762567382083
80.25079170723852 32.25237797179934
23.190254764198826 79.82699403713384
86.97335766085408 11.318179079251657
93.70487837716888 92.50445222103579
59.96609642697764 23.03055497278835
46.39911529021211 8.874995982819911
31.98720264419366 89.09637705144709
92.54535530691473 15.39900031148832
58.32667955814581 4.70020015756869
1.0130933455410163 51.132399561966636
91.85116426881807 55.22167801423169
4.3224623207314465 77.8765722576079
42.532843726600355 32.158310809925815
22.409791187293738 90.72225053797598
0.13796290689469526 88.07541262241341
98.7822538066886 77.80541109349997
48.66260860392796 58.07892052184604
15.38054285194933 15.710497201850181
59.9611686810218 23.936815317946802
70.5238326137854 65.18283764051735
98.46508619206116 25.316633406596424
0.5580446272169581 3.479268706517513
