151
50.2940748776005 98.83556831012487
61.30714719531698 35.218096472824016
33.91535782588926 16.008047489757082
28.734350963987374 72.90994722400276
74.99216172992186 40.2732179194225
55.92227749804246 47.4156974415053
64.3556047744412 27.457336329346315
0.16911424768868422 46.9970944550408
2.829966786999649 83.48888374564972
63.375766881745896 19.183088722041475
39.171775010574564 91.23016779903293
45.08237637296803 37.604936558712296
57.37300762990348 89.66702129822026
72.79804447509964 54.12894592551753
84.7771573713224 13.709076182526282
65.8141330755213 85.12310595133926
56.750969299977996 30.58021963437514
5.751396421928556 54.64806878836165
34.49806657700554 24.52643878729409
7.292523115060745 91.52104341519254
92.23718183957719 69.45557227709243
83.74548834360263 31.929157035383128
59.23195739749265 89.21208733594996
3.1427283919550075 68.83191818225923
9.34852370524174 90.59938460880255
29.042677298653587 8.513726996122683
26.31414055964362 80.7498653764435
85.47830637110188 74.95596834393862
87.85072915314747 91.06298406924365
10.951437547555564 44.539112929940316
24.948556727151928 89.73607343865724
89.64799693945106 76.25589574849103
62.73930391269262 78.45932703657634
52.23994230648241 60.387630498353516
97.76991734397897 64.84628204406279
49.40637093373243 88.73672375327986
44.34278615699485 81.0488123029291
74.99367378843966 42.90575623043292
88.39413421857253 81.40331665800117
62.005408965722644 31.884049594268294
75.58785489085875 73.42548017063334
1.0791321781499552 37.9506361990183
60.324680452463774 50.160415698863844
57.025058849124555 78.19467492775925
96.26398186911275 85.54435200361686
26.97764749023256 20.508384270593428
14.56465651801 63.696500248718976
11.168504433808724 77.3981810296616
67.26260925806363 22.184401043169068
87.58592173080628 32.336713634047776
58.14716257689888 18.88670340141504
43.09295808710885 82.98288555172036
16.144241356103496 83.39515968715918
30.546204748017214 10.533080533756433
60.16537684544884 92.43249601794447
38.78839431292413 8.461248969401481
8.553353721866152 25.63351333692775
12.601349664227913 57.530770214034156
58.39305646293435 10.233053767438982
87.32636635087913 60.05701008131934
84.88816911663221 89.1613558630205
32.70962255569625 24.62334013121048
21.686336670790908 91.39499036362525
65.4186932250037 58.83075351082576
56.685867460121486 7.986609043663462
50.983824961028326 43.55864824423901
51.590337158215874 52.470335355450445
33.13564658043816 66.26896137805092
74.82723251392626 41.720334942768766
21.89720419134551 57.88760001768081
79.88765664921672 10.632318932489293
80.51516301919544 15.34123471667922
52.04991652575456 19.60382455725408
40.9950395748266 10.122402420303
19.162129360089033 10.754684386306135
49.627864766444915 17.99269590349244
86.75834397220343 66.57449621695518
45.22764459768294 16.250932917591243
12.847136120862023 48.017966327714035
16.276644759652946 41.17919859807828
61.853588316387956 44.150053637806394
54.68730423754372 2.9337723378997094
89.41522513560159 25.16762168268798
61.259417469142385 41.900986165110076
21.919073455514415 39.84032681116179
75.04836565557996 32.967687009056256
87.56799066673483 33.30557162963218
28.21658401211713 80.67964070093387
81.51330284750982 2.5401790710236294
62.723559987376184 11.631471883770207
7.237452085993789 85.98898026044357
4.335809960720949 31.351173612936844
85.19240378757719 62.52565734536534
37.85421619503201 20.391414659269348
66.57962179688217 10.152620387879697
82.48401073660638 3.834596279457181
63.24933312856731 59.585091625363
16.04513070807109 34.69777697954529
72.96420364462752 72.69923875501853
66.33494914304491 19.847646809430753
65.41532963477877 21.295532573967478
95.55995773103436 49.63877470279808
58.72801125822623 33.77972316138237
64.1490375954277 79.42073054364201
88.5241808598708 10.843673212136974
68.45806618068495 67.97065700355851
54.75635213884441 77.09917590636213
34.98603494238479 73.06422760363877
52.82577374394689 53.104054577986126
91.47067004475583 60.43327136203289
71.69882983990614 83.77942042335114
84.99406714859995 72.87116410563362
88.93863300224614 78.48747776432509
82.33483068748748 74.78608069476564
83.43641129909861 79.47955831471212
68.66801026668266 76.89314886564944
0.9883711292263175 39.35510780409272
55.21707291427691 97.34507829527102
18.290942167753144 82.64691867408955
36.079676922148884 79.27973159374704
99.39028801073461 24.417862238732024
62.971390194208 22.667583330869146
0.19809419527548888 96.73465989274773
51.54000823150928 5.9015841791968064
29.19664234863346 78.78453535151127
66.99303397825287 78.11038659231649
69.09900418711106 89.4837223418768
93.7661390982775 94.68573001683257
11.200182105768297 62.98021790779744
32.28078699956013 65.42554634483109
3.798773399211919 88.41399537735963
87.32097737356234 75.56666197149347
71.64702259855483 16.03532174245288
0.3379746617765189 8.173518014966097
11.87751726976326 31.273651588150063
5.177116236416035 38.91233620306361
16.034064669719385 74.22997410037146
25.17862747939378 58.847355531246514
5.756877154191398 36.327420297539206
59.809161891936604 7.209759899348789
75.36710765366263 85.74789459750716
1.938108723771692 92.91359599334427
25.612754820734573 1.173648366195823
70.90658272120123 30.777568824685975
71.45461652787189 39.881128706750914
47.96903384850593 58.115864190689045
33.65080415269307 27.621360769319693
57.42316193234925 27.25491551801825
27.227313154614553 9.467216792045486
85.20068810301873 27.174306126428803
42.08266693055012 25.957208214381488
