171
97.0785361469246 20.066184723315605
0.3110043539518048 49.901957644743845
30.36390548785771 83.173786882601
41.275889413298984 86.15597878549191
7.816356486782916 95.57156108524494
8.77562701644331 23.06570557824387
93.08023457322531 34.78415597705569
67.82647291424252 44.74955608473225
62.69615682973422 9.120044732840615
10.946715111095372 10.830092748299602
97.6931402015571 74.05401040543481
34.624760636104966 92.4513546718413
36.10585794629427 67.63605299289092
81.07715083886218 2.771279107982394
71.21894394109775 84.30789760364846
38.067023759745226 71.73599028694868
66.64851313471385 87.6047970304837
29.33714879469672 15.722038593401145
85.3072738333687 84.58064576585956
84.05594162399638 31.385440895441242
39.743467044787614 81.21237442471713
98.87671567568364 15.197894035401394
53.9957221193726 5.857364079382322
52.72704695401585 80.27309581470384
50.80139376938638 40.75354868031537
67.29815936786805 52.90671283420908
94.43992071366105 67.57430874886472
17.725752999912903 63.508388751148324
3.124964924030116 99.04009305880527
56.07257362900522 36.92172551525225
5.293032994552938 83.27695754631696
66.9251175580257 34.88215467326915
5.3683402183137385 14.875080602331103
11.157903902393373 39.52844810066026
47.915926898384676 13.320428237108683
76.73373619470999 78.01096856202774
89.52153831378772 26.15433573792827
3.2616985716307556 50.29421175460676
1.1563766683116095 17.092932539549132
82.71577372255497 9.75330240792589
24.983373891292093 41.070905623514065
86.15353335843203 57.85284305533842
53.99927302285914 38.77003469545281
19.54573416160318 4.767925794319261
99.77807912166654 51.37418866050527
0.7340623267399926 22.50543807789269
34.559022178791565 88.65492997848243
19.189455859634 39.07166657684987
87.82399703967478 50.49532878299375
64.80423073703044 76.07472376280111
36.679090020990714 22.937317715504534
23.287220300923227 2.3301082737577583
93.62218126344952 44.38019252464452
34.06815302061097 8.793274126154316
66.92103939210593 61.25524256477976
20.830161303165497 48.293246550172654
3.667376508106379 12.266522784509071
19.580246154338553 82.97820012992679
18.950643119856746 59.29564306616594
95.3339269387956 68.71289344035524
13.100147328615819 74.65684538495736
32.11370898097975 61.564048508244184
26.758713788903023 5.88603824292655
3.344369087249077 96.10701992128494
94.07327149971762 92.09432910349416
55.3739945792823 36.43304798687819
93.97806891452596 34.164195718459325
52.667467315297486 75.9350490261436
90.43557684867719 69.18685582619166
34.785522182790864 59.291725588772096
6.003957561466344 70.4851374564121
75.09167171762391 35.0176224943507
23.27353199293324 76.69987361261764
0.5053742057657962 58.26234036641982
51.680490561156866 78.09162176939644
65.29764066008286 73.94464151345295
45.782195881217035 57.499212506672116
12.011876332309 94.59726241042577
76.38787843671405 59.40700460414055
53.58996941711045 92.31764284760608
42.45038891234443 64.9912792183773
14.32954605533342 38.81268676870696
20.488141544507965 39.97954213680301
35.54465507123381 45.46365644653236
1.7783703618408198 26.635278398903928
71.02707821064085 91.6856288764849
33.85950055172079 68.94773114056167
25.630813360981563 37.08090877818657
57.796856589630266 1.6327969203273507
61.34940625156672 79.7400842984196
49.34428848654541 54.278820013963404
97.40000349625113 67.09640777408387
44.881621957405635 40.80781555151767
37.2017851472573 21.329131970318194
78.677402930668 79.48862360337925
58.80867764210122 86.01555705258828
79.49416765011648 22.59570128980957
94.79236132360754 42.27202795520196
14.31821073631 54.8051592138606
40.573316368547076 36.79152503520534
91.11287680326099 98.14496285937044
75.14933993595672 6.50391248889175
2.1566737785132295 56.96677623710055
65.96964136725583 68.83697408212795
68.2616760243664 77.19829769667899
11.762952362768985 57.0109040196765
3.5443832544530762 21.00214382831378
40.6099787019088 14.679317895365918
77.48107872520394 66.50458937747568
38.10596259774629 76.00657319395432
32.62350285328311 56.404667628957405
35.280141276804336 95.97311335280978
47.497577622768794 88.11601997842071
99.86024985613052 53.287470710680054
91.85107034394234 68.20955088184562
4.747770722187916 19.509768125187467
52.53358531674315 20.68350377991649
33.88171785824101 55.37984811764607
72.99949313640508 18.056012600835956
16.636589927360024 18.373760169314778
54.558471018727204 53.993766230272335
91.23538550704964 46.49009844947655
42.14956344232762 18.508846406663594
95.2954574612134 74.36126404612466
60.283997387881186 13.76211684862172
26.118288761749596 73.09296539584342
77.47110981971916 68.13581232543851
80.71103639471329 10.302207757857861
1.4967383689571845 8.364961800031367
87.6047997205071 29.588397336607308
36.59339937607583 20.440993695436603
21.23335302499585 87.48297297158088
15.984899035177214 55.55391660318152
9.154480457904256 89.99501038631448
95.24584304415701 71.30118832592437
47.47650978822937 26.378694697826266
43.685768500845214 87.16742094046151
0.6864175025089625 74.34909614150853
41.12318321064872 91.37762661848663
5.985336801248698 26.410159899331674
39.006573899082206 26.124892982831305
38.248777186688365 7.5047416127489335
8.241901903408754 25.376915274020174
49.9682626911836 70.08745162871013
3.2973467485352015 3.4425337510961995
51.149817999628446 11.90991512877061
92.58422060527725 8.563592853156743
14.200955329976871 96.81615469656569
63.100092912804215 45.17725586005651
87.70210426411474 70.20968720173579
72.2707757755667 10.527136484971422
69.55657285165951 18.419643868527103
64.1114822915893 57.04388172370843
75.81022034036721 27.83152286453987
92.44855360104872 45.49592975516366
4.395530596662667 4.8968998757597415
22.303927377656585 61.02333018445742
82.28494456583023 96.80143305002088
64.1276119803016 65.00767982034365
13.202776360169555 35.15361353721216
52.954402985803675 42.59704849716126
92.96984843906766 37.4530026539316
18.36432545130181 86.96332466872309
39.80337262941037 98.79725914499934
29.799124922354846 52.33520672420242
72.39805980293097 74.02888450128002
49.56764329870532 16.63258125863578
6.470568085366124 86.8336866924344
12.209341707516053 32.29104415043969
23.804040072394127 93.27313542006385
75.02197158161206 29.032068030327864
