180
56.59297331199213 70.13607293867842
9.855583740385987 61.71888216675626
90.83501194343833 27.254475318440974
71.43508713567448 19.370031843077363
79.84895171838085 98.26195661147455
34.299045720423734 40.59339186401836
68.12565672627974 31.40640720552873
96.06621281096301 5.3763117863213195
84.96323367309837 25.68077146153601
58.95770872044851 48.25146682633705
48.468393250380345 33.05575300868886
35.8796603512871 26.581860674031976
2.3662127575051928 62.68094413382076
92.24007354112064 83.06408627854563
80.63327983343173 49.69245063535473
5.351404311522934 37.15936533452181
12.66301198588733 1.9848700703381517
3.624101578862726 63.2598727512803
25.195188260192857 2.7654956010469633
95.48980714213602 49.827158956272676
82.69935872820975 77.54596552183655
37.292222314815284 20.457763163491126
15.208767622077502 64.3406548292188
25.514167122086807 32.395794416502135
28.878631980823634 84.10905364812172
45.28849938080892 24.06569962818651
80.11403343535667 75.22147965805325
97.20662951721239 36.3080717753831
61.63002995133049 89.19534356921848
87.36177185575897 89.07142656656494
94.17974213719111 54.37983087854652
81.65469875140985 79.92544526080478
33.666354879875 68.36299454673465
28.960134770493017 27.678253695101375
15.697572931099234 86.94608248660631
8.882433746778895 78.27333591348982
95.4350877377868 91.47457077759447
50.29632203588097 4.931290485288697
91.87329940754003 72.35915733401825
91.9063196827002 25.63674610150375
36.170952131195854 38.30502658926685
51.71974344810074 13.116045305755664
70.54335948238293 95.54058142504167
29.498565491265506 25.122848684775047
61.14970400503951 95.71819351116197
58.56349459946992 17.06353145395679
48.920191128251304 30.614057534962846
92.24539497322861 14.328469053101678
44.23434131478853 54.07262195298107
76.91721708093822 16.622860839413534
84.8976797970054 34.514298964644205
37.16065639911715 11.443267729345209
90.6175525713096 25.652726924249336
42.943069441560255 21.267557653422344
15.248937247823758 50.12279174659488
94.84387434317107 4.576078116811977
8.665115106614474 87.31660442156588
7.63809361576715 21.250194824322723
74.02532032235818 96.35060245078341
8.867489262727213 93.01733591990939
81.38979999091565 67.22398929092822
50.0113531237828 95.52359582226912
13.615340760102212 44.3137577912573
45.1505338246334 13.59383924872757
92.2744860909156 46.63162824275907
90.33858587931822 17.142050030949008
85.61418995511985 47.19629815063896
80.43786911312951 51.28180498291174
42.27487416103111 25.14867256130733
3.6790831185630313 83.44907124065537
53.60663463217949 81.1642072630536
37.804146747881916 10.937910290006647
34.590168970676274 76.82272203404395
56.638804295173884 43.28514996946969
83.64372292147091 57.459351058652494
58.52907209244197 60.21453383306753
5.496392897721202 67.28434993813806
38.673682099190664 28.670575852561697
32.12390108569987 45.84350302119453
42.47293863230893 86.87386138759003
35.40183712127241 49.474679210983766
55.35735813149637 33.84776704365387
45.46354970186313 12.827839096915994
10.752141035841001 5.679882601546038
81.3045255555938 84.58621115159686
92.78524071171238 68.36395376776146
57.63883885635476 57.72985012699279
3.981120964462981 94.04435623962381
30.24385978684997 22.861416031390103
48.220772065234605 93.6137086512891
0.8345621202335285 1.8581932347850105
82.389826285619 82.71294842226514
45.29901615508541 58.35778094430288
85.60101569653152 45.04276876371714
58.46935700097242 17.10923049565207
31.27369441067398 25.930801012175696
1.9528735263248942 33.43315148764287
85.12943723636404 34.727162320647345
77.24510968213173 45.3989031137756
63.29449219719498 77.82863617148129
18.47904326393669 54.98705568403719
73.75325518924154 33.063758689191594
44.76884647895265 45.61538956137028
86.6878280399877 79.02238782860593
77.41644524866888 14.40719159335535
14.180752224956139 91.99237156684082
34.37150830582463 63.50255866540601
30.695886464460298 39.83037211355233
48.980679014398646 55.331037345833366
24.273807086865318 66.04594812184226
44.86657279270902 15.340217850372262
81.81682018708315 63.116725655480934
82.1250961959812 90.92736870910561
13.514666393584774 36.45529408586873
27.507135297309194 87.61738234634421
62.026055241193156 11.530704136508996
23.434311091720296 69.11554971356004
14.1944858932333 86.82548884785601
24.38832499247908 42.322261019695674
53.313582521452915 77.61261980349305
37.71238241763608 31.698917090253108
28.559161505403786 49.95347657950842
24.436250978777274 6.255374973284356
49.89359528593634 88.70054110411026
21.43441773845547 87.18098164430977
88.24045249518232 60.298826890931615
87.30928974662714 32.098253947424716
36.00157015598181 63.029765573746644
0.3339895211992183 32.7655372762247
46.693254258910876 77.7943675054491
43.85251024392593 64.91460754354122
66.80863385821813 29.283128575459894
3.2791919011841975 3.8519904499879742
53.980535073540416 32.02591286576286
29.283816002462647 19.72953650422119
49.57070996724093 54.925480870843465
48.24573331786597 64.127348981844
22.928826638822798 52.77476254611442
97.21151176535821 58.03789178465052
26.54519998092999 66.20472817011998
74.41029176655003 55.12347748462495
68.05572274417798 57.09418685747355
13.868101805385969 56.44992815685755
4.233287682681985 83.06933304797361
80.16867932192045 39.498956286117334
4.693906715794183 3.6761256788134022
46.14150081360039 54.50943041074508
22.46466167993091 86.82657287771178
17.563834343803574 79.21629523358827
63.05236247820986 63.93793255093513
63.01862132287558 69.12826958255822
40.43502396648716 70.40490633223814
50.622488813657654 52.43414414681151
65.70458323212021 21.43514027616874
63.3110927264839 86.23385757187094
83.36260263388027 13.914593160924849
9.407658977921152 10.10488763138101
52.06562559739094 2.8177760264826768
71.5259378246916 85.47539053717816
91.69850184719517 43.549648891162065
22.818907406128176 6.117830111269185
12.37752303848657 77.2854798349873
85.89615266291129 98.38950542380398
77.78558065593167 62.22837548333011
66.00563242430748 26.927776183654718
72.48048834072277 34.16208609454815
27.719836210138205 45.09869566338824
81.63146221025347 13.631104506256698
0.3300311160737257 33.39785214243387
16.41449226496392 42.39037331288874
91.77653753654918 81.41584825296184
22.435573137569786 38.90386975598654
28.352316005559587 28.771508822738724
24.47893282435263 44.79757412003422
26.763550675846272 93.17678281474765
64.29024905912199 50.079035872232126
20.37061627987726 89.18965559603633
12.189178486793717 31.14219024472381
22.62575590651523 70.53449900458722
28.158144720977376 36.63966781357833
