198
6.022182128246401 84.52690768580706
38.22554512816109 7.0319487334148505
41.28767359217136 52.528823028917536
5.966256644439727 85.53513621987203
86.581609400914 97.10546900808208
45.79399618212538 42.535765092639586
51.376237776095714 13.007396805412341
46.827669792084826 17.631093712335357
21.34815511731726 22.961191842118854
4.2680781540104356 4.630155909531341
49.84394491525218 2.287053732568878
44.81567254066323 81.61363076872199
0.0234300007484034 21.29498274551038
51.61707149085548 77.36468630545343
38.687394671059536 87.42506911066268
7.03251910723377 6.884403578302045
74.66050188570802 40.76547843119632
8.697860064031671 37.31013007356949
89.12508644885636 45.56830247490704
31.972172754302576 38.45207555787895
48.510820396796206 21.74308493638958
20.705213504166554 28.304364625995994
9.570863892149251 83.10795541199744
44.20855925238032 21.24545440163391
63.43685999814945 58.45083205301035
56.475929669641786 35.97377452546199
80.43295806198905 40.31385770879823
67.74304339441707 99.0886881341095
71.79001622414692 1.3535025346861573
98.2135187032401 6.3119783548937995
39.404484612832405 41.899619185521786
11.948281499495284 71.40508425855326
88.96115433454153 16.28214158428054
98.63377771138491 82.67950018299992
95.99078576473116 52.60360586328196
0.1470364616455 83.70506219609459
22.794358399728342 19.213718941601122
15.642557801493663 33.58110451500242
69.1351064395432 78.5387376493645
63.91829837199862 78.29139715977799
57.37241293431056 94.45490861223453
67.25242454085254 68.1085810726362
59.65979419959536 24.516026591759577
78.95854016654252 92.50263211474528
76.24536115708159 15.41941120644249
72.99290890799632 27.525061508003144
96.63943124246708 19.528035164935808
20.263720337851044 54.17695143296453
54.93951813813352 24.570465811077124
12.5103553930078 59.49012984710954
27.37969617062863 97.07875136737327
91.69323642060925 98.17178592473829
90.93052641313457 45.017871458289264
53.22363621568326 51.99617763512484
79.8608220435822 42.14177977669157
87.12991118515767 89.62271943107312
42.83027316127127 27.320122218035802
0.3748977878474058 37.21866072131205
37.80974052890145 23.055901974861914
13.086554672394834 16.45170129152436
15.956398531332294 68.6161408215256
88.22046913652689 83.65594785123011
16.904050958468698 25.230743018134806
55.27139480124775 92.96319283774373
25.125732245277344 46.57446672023745
91.97794625379751 52.68350361739797
93.53578567312756 0.5751098695662593
6.613129729259715 28.40957053708275
14.19511271603694 99.22360471822472
27.00272123531956 81.49389402260574
62.74962471034217 4.6321762347043
27.65544483021507 91.02709218452307
29.02715874911401 58.70105023314578
88.4017065780033 23.158344322414525
56.876162522854045 56.351349800805636
67.4548068753818 62.86537499257879
99.83628463298282 76.75687244431022
14.988861727815017 32.34670409978765
42.04445337604803 35.57159983338928
71.13795830295884 56.88914809359233
98.24338497379964 72.87099291328958
95.809252641322 99.90552899685841
61.218780873399915 21.01552525744047
32.32939046779663 89.465549835736
40.285703786629036 67.75647327585858
66.55043225609394 50.777345760397075
91.02539454561047 89.96392055860672
29.57765252468806 54.91031717296869
44.06175226940764 47.921951396151755
84.47186869251382 28.31376068912279
15.707183270036529 28.45003771631085
24.617453581582048 59.529569638580824
88.99396973098554 79.07286594928694
2.527509203698608 66.50755417870148
50.1124944515988 32.82693282814721
0.09135615798433472 92.89684195252683
50.915931252501004 93.90105686957627
59.89771562367488 94.99274432843536
78.49675456237671 54.29786835926601
10.951693754060553 60.30250073721448
7.402497143207764 10.456860686364633
52.447609376712926 86.00347915575153
30.742007146428985 23.121775251104204
88.96337413082868 2.2717136042864183
89.98007419909388 99.71090115126731
9.062438900068969 10.23044644304132
79.78497244628817 77.8449151055194
76.54048226118316 55.90710521229315
99.22078307074868 39.06840987848312
28.309850317582463 64.67849838216102
33.717892460757746 7.413752455527655
80.76357553089233 45.260405801705474
46.29599993438256 78.26596342840587
41.95624127781412 64.45956211923736
99.13729391806903 73.23715140183317
81.7754823065136 46.805439097405376
7.363978104236379 39.82128159180506
6.088589287670986 39.49928638240199
82.30243125405937 46.340175497537814
41.81472225193249 56.26840236088334
42.8646913685738 50.0450444197637
0.3671343330510779 77.31256398090116
71.0060902084768 52.381946283966386
66.67283240598736 24.772101380503454
7.7093265109181015 15.027529438170983
23.716952705213046 94.61849105905344
15.033743542903533 9.97547424972467
90.89156566354067 79.86887365482802
44.97582255382143 52.749201106232746
49.2183224950907 51.617206371590306
11.959564970589842 36.07247901640632
81.65547338036015 19.74036230148024
35.98676704334307 63.429314155331674
24.43913626529508 21.721575190141028
30.192656720463262 74.90092163508348
51.24252621026363 57.667935424650594
59.432164138937296 89.92920651389441
30.061526000617544 94.85568961582092
3.0181976532665855 28.894993284800073
28.78554602482193 70.05978249077131
5.291116762974135 19.455052961331308
76.26458431908037 36.75979123088662
72.38392503949662 53.887135739018646
40.425419258521664 36.81577933879163
77.95506769292192 15.419788287449254
42.71177290706576 64.72729526770081
95.4564412008717 27.701886652070407
83.42741067521101 48.25152545269468
98.53835640446546 44.14411586881857
46.53633032802295 41.82575659791645
78.07095423078636 87.00097393795828
12.3788528553481 9.38350251551796
65.01540628698015 97.76250478267511
43.95850750457944 45.76159837624204
4.415430523151176 69.76821057371335
41.47625437839789 68.91875037114627
83.65881046087958 60.027869164637934
20.895873392869856 24.892322036794045
94.35839215260613 97.00417379309536
29.47841722078809 82.52458621093166
0.7479757123488251 60.45622544932316
74.43870300752802 11.838827978409938
63.82982746506217 20.651791366327732
49.36847045044582 32.47170737126378
84.96022347271077 80.08690949542641
36.724990145266055 71.54587390963647
34.40814617639643 13.643940804157717
47.97718548323687 93.18060613193774
35.435844530218965 69.54764408519226
78.20592451076826 60.61282814451874
35.867565394493084 31.753568661938502
80.03904449072037 35.33420930753507
56.03512702130554 19.962911616202728
41.407368194548866 6.059913631397618
81.64553819977928 96.80431617831444
75.20856309904411 17.96957117209528
53.75948641483635 13.95472325800794
42.55882426309995 18.54876853778096
62.71205732246605 51.70246311733304
51.19385410982444 64.50472749156452
23.706229244667 71.89367243868939
64.43258841721403 2.0193870809124492
60.919889133112406 75.12474911108184
50.62737982293544 37.55203168813207
30.796116972889752 40.20407051929008
72.80805318855269 44.618757865311885
47.40977593492113 62.50953889204628
96.09192464347785 44.949387638292414
81.86271197766628 41.45682267111679
81.05010074764792 9.532353983284036
11.481190811989528 25.657949495655473
16.3347644596074 49.48987026336672
62.75901270803177 46.37189173150953
80.19791063766628 32.64600881834926
42.539789285312466 73.95743411679653
78.80940108783335 61.687346152476906
19.28345783125388 97.67763437650194
25.994622718363157 8.472599719658913
