164
15.335075012980226 11.413815231821056
50.055266621285455 16.57875708990606
8.677260330599612 81.78467706891723
33.201743529658934 10.347621286167119
1.8193802476487941 40.80754675932239
88.63579883239748 72.08509035023326
39.61840878981434 53.52623067792559
10.755079791660782 14.727405568198538
36.622356786124996 75.80206578569859
67.44248154339203 11.558349240419696
78.66179339494937 32.012355390642455
86.67841725862444 86.57959606172045
42.51345506759843 68.21104429437705
11.589751408125714 74.65906682242263
98.64576658562225 92.36497303791856
17.742274933011426 69.66908120015466
15.880299791594343 18.345124111224543
62.59327297900563 8.51078372625107
35.13304622636567 91.68490596039798
36.2571086667551 68.00210243189026
56.04654438338004 88.5622906275621
15.360867127032506 97.88637923686596
70.03864056094372 89.12430894710714
8.328019515774908 86.82904034651533
78.70628616805325 51.9016761978395
22.132831378998617 89.60803799060557
73.24377650481956 56.50370669074748
94.02455092145536 64.8321622971645
37.286030380694214 64.1018431788008
77.61759156457629 13.139230894677944
85.32160858587007 81.7368997992431
53.5981286314994 59.37390616398138
69.53265414438528 72.62199624005042
17.69324732494697 53.21799593086634
52.58094677330617 1.0574943380296076
74.17315241452195 77.84287569617787
31.59714573121243 23.96561924279348
69.87752584194331 3.2066930486099654
35.11312115414614 44.441394613233875
31.168967763008716 2.4345478968948786
35.36722423835974 9.876288005926837
24.442762874265522 20.521586080511987
40.204985530232584 71.65596670194954
25.27187281495491 46.81121266618747
9.473911026073733 50.05669123673173
39.588262742645576 89.84636710699435
72.81546092535712 58.76497007725155
30.03156986171005 51.27835449593186
56.37608951503537 35.90292909813354
41.766631323098004 35.36654650426847
15.284012184494989 45.34311409898406
58.27452290494236 78.48486099062544
66.08148350798334 45.300747202291724
4.928994202134874 16.329501635128118
51.65849102498572 1.9087308238930567
9.374612809827932 83.55493398414097
26.432194606506375 65.9325667982591
26.503499179642876 57.31556484404715
93.79370358170725 2.2621684618148175
81.14567638060203 87.1761782054554
64.24247305476425 58.086020780413484
81.30417420249174 44.80036560067562
64.01835926537431 63.787853878593616
11.16055714330889 80.02122298203352
23.83777569941332 31.01053040198626
52.15653907348287 52.860910676828986
77.27079014127969 39.83847096608317
18.323137533076384 36.66592272494433
89.49812383100301 70.29168471272538
94.19096292261463 19.618584273072315
5.731855426455512 95.30262686389892
36.95788762286305 1.0217492551687912
16.928496207037146 10.042911571081792
17.449765932392246 22.903843007123857
73.84045556098793 47.651622609591385
31.19484914071442 29.849462342990297
77.77255251276696 6.220204307359212
48.984850820530134 51.47409645969957
19.326038155918667 63.50943209501928
52.59801719046341 80.93021317112196
56.642307742872774 35.33097204899772
9.445897872373731 55.23766003302606
63.45908289854909 54.28297054183277
34.75913636823948 51.88355699889515
75.13991547315028 72.1491689618372
1.8142912338596995 0.16240611315487818
59.92367466765576 54.47575580306
39.01888090452006 51.92158981940091
6.0706967462754395 39.794680350947296
93.29094951215671 80.04286537122006
19.4194224755454 88.3205728823344
24.685877485763143 44.16468928571059
28.73864294552757 93.95111465500938
8.277032996844314 67.59230119279212
19.918697184013922 9.74485280257621
78.53930454519876 26.523440403658338
97.3714838468891 58.90571263097137
93.34355528649702 86.86656043575795
77.6431401046986 7.277681544813319
73.02956281878494 98.20806572503034
81.17653991565398 66.59557591921646
54.36363415867284 60.615138146342
97.68202262214594 75.98822147731602
60.83814991741433 88.5054440039039
85.7578168989372 22.632979580930048
60.8884391527627 87.90300772131077
54.427881163736124 15.067537613880988
48.4097997466966 23.655763907413252
80.3614421258789 83.24540091283227
17.395187193291484 1.4808737777439296
16.852697635680414 43.4482380813187
84.96123559122813 14.508807119263988
47.649200073811016 5.7445681143768805
13.148830050085536 37.01103142236873
90.29668923023227 4.6277478777465575
49.98978197204601 50.50758793905563
84.7778036240992 97.44293266507889
69.46550950555893 77.52180273145977
65.78598573395956 3.6824773245825226
82.61565166133529 17.90091445202604
13.69992118396015 58.006996158642245
55.15032839489671 49.93909761182126
44.37239930831558 97.38998240784397
2.759968891275033 52.45671216306267
42.558438436693734 49.54736954548308
30.968566886507165 51.0143303214168
30.574221498628106 99.53192358817317
36.11422833742404 97.64482910701523
23.54501468456468 49.76968241519123
13.244100397110625 99.01524627636718
89.09540377479274 42.888298143173955
32.75189486499828 11.344416722936657
55.71982879886637 49.624050198571325
88.75163656858753 61.63093366538287
9.799812166070954 4.299584369493214
46.60194800510102 44.02502098170108
15.03884264995995 24.68952144974309
87.7024081546444 68.80615914758123
64.43492492264828 67.94714879297952
46.8730262066986 69.86571672523706
57.351533739750636 64.81690915629358
94.14613861329389 57.48409111833684
57.81505101775305 15.513684529976457
10.885232445588466 6.201209684368614
86.24810724700676 0.7068946648282948
51.014564477040416 26.590680570309445
21.711256789201073 95.49979086450115
98.27580529440597 95.19263584758217
34.05426271569441 67.66886779126769
31.282455557544065 83.143243484677
21.228558604064794 8.18242262342751
47.08665332443501 78.50669868209133
94.19278209382888 21.004637228471033
9.563273067533995 6.305080236050021
84.09364277239465 56.95299829570535
21.42718519545128 68.93135027407818
83.98701947280588 29.929235616905192
46.119781762800294 0.9974099136790815
59.30205209847447 95.1656495335237
27.667724939635796 55.47396446174913
53.51972637293058 85.17566427490965
34.035737672378694 83.03126302843955
27.582163990089427 3.4224395487615022
12.425841673517269 42.2476679087199
