21
50.545648855877815 70.91555690107425
46.80814933234778 80.88033749649334
44.385764553008336 80.63720777465198
48.347449100393504 25.923615046578675
89.88356674132278 30.370721276153333
54.42460316492361 46.47534664760935
21.141406859708578 30.851713482405565
6.533137992652649 74.12617421139704
91.11436295730932 53.82901909253266
15.988541021729885 6.146685338951363
54.566734989757826 80.43179161574685
53.01115973783178 4.077542263545498
47.576681615578984 46.30914221876643
19.5286109688226 62.665597014892086
61.58771139783773 88.38714520316266
13.094453515192573 39.778716983740956
71.8817388836028 70.8816128597044
28.797165577301996 51.290073506145816
95.16245236154359 40.93445720939871
13.105636829783307 71.60806500579788
85.66235899670103 48.19812093056157
