155
7.735063350449256 64.7700256564013
15.514484240899751 99.61653210288686
16.77217436430709 97.07011110749285
63.76861688395251 54.726738774707286
10.721309682708469 62.04371723369305
10.600527301658392 39.593969140898686
54.629665109545456 28.589184516124032
47.97715670118756 5.770177553891753
86.91659681991544 26.339744574737132
92.03977053397551 35.631219553306224
3.4442662657674594 57.211518318404316
75.87229979345909 48.04462918461082
92.4138509890354 10.955194019277503
90.13830698001978 27.616827122416776
35.072983782852006 6.5121587282903075
0.9334263393384945 58.58874210824913
25.997527655313913 91.84139200341927
71.63801252589245 9.969605721791218
4.943809353289552 73.155473867798
66.25532593401692 6.36170615225412
80.62426753396753 93.45233247492001
83.73123385894846 25.936152985651862
0.11747224004158285 22.92590238728609
90.60435317062975 9.58974986502199
38.89618766699618 87.73674164207206
67.74886869431552 32.48874517313344
95.37703345256632 16.92820645396943
27.83577528969471 10.211839010815126
99.95439626501886 84.84385913855404
8.451995645623578 73.94443324101296
21.47329708221617 24.20496071451732
66.30015030758383 20.16033208037812
5.529524325268476 89.00583229665115
78.93156367033849 74.97964045614829
90.09348918693182 56.45674839677392
85.99195666175488 16.660883003166795
80.36095444521322 21.629756130137924
11.089103958790448 66.07350964054879
68.89859397060297 73.95950953225679
37.790569589547516 36.86211756067899
58.10428344313685 94.13994532955746
59.344723928317165 69.16672706660322
26.59347747777523 30.227316105335166
5.035248837950634 22.872068388570167
52.38021720841758 0.4150022217132565
38.34023761418926 23.332120999382212
48.33045308105866 64.76831015786415
36.7917364530253 23.28052313356008
50.29840088459736 70.36606733792222
44.170684213345965 60.17521894318879
38.03987852161794 35.25207740430758
7.013756478654198 14.184660273575556
34.73441362086954 9.561662943786697
41.808814198911705 38.53330976418099
8.311252598107522 5.79221620202468
55.345663757300656 96.48601894712709
89.6559541414533 55.81477198293263
55.45905410385262 11.376001285724769
59.786543350140334 93.94960319670328
52.463106445998534 49.44992176656081
78.10779250671091 59.35197100968617
8.662711735697304 63.254480529089264
7.050118260560289 54.63815502996462
13.375417798591426 3.556968118458881
91.89193993228436 87.29065302157974
33.07619944429667 78.68742031710583
50.71233570294002 43.932320233191824
98.28871291350427 73.58646408420472
62.9504137018196 49.52600170491448
32.614891577537996 60.96471009059589
78.70153981142151 68.87045819516692
74.03020067785845 7.414776074973539
84.60395737310552 75.20208864110643
45.36663422258598 75.55671643425256
84.58593458435806 51.17371037120044
53.11074920734475 16.623678202766158
34.50765385830521 10.77389238954023
64.39998862004418 89.22365323153284
35.64069838312619 76.85403570939518
43.636885223988806 13.395529083705382
43.321337588345045 75.24237961845508
83.49267013132982 5.361748553572476
78.93700839154995 59.69487080628072
5.702451339564596 73.20285916234695
50.6020849393516 1.5038682924177982
83.32297443993708 86.97193142145339
91.04148259929885 35.46733782774577
36.922050745050846 84.68378148797449
88.54618650452608 82.39361916423282
76.70417749020999 95.36770012973766
68.12355496959732 41.158866987357726
0.7498646515816332 45.39094742237065
82.43199686311952 10.872719397917407
95.71774676276412 9.096120295994437
61.65861034561504 51.20504180871595
84.62053038992015 43.96687448566193
52.95441136356778 0.8614102027381776
48.590033986140725 83.90150048151737
45.141215364643784 92.1656866174137
3.414980110995458 13.491521084046799
41.151542306404366 57.726970442894995
31.544249500526234 77.87366727204116
19.016988788400823 67.56646821211707
99.70657649992599 12.639760355377804
82.31193264855584 43.5890745409936
62.5282215018542 65.74994233142213
89.2449979902691 67.76662559274065
45.89711969940692 27.750622130731873
98.00948484234758 82.15064023171087
66.80473937432264 99.41050896515785
57.14112264302622 76.5248764570558
21.843074697199327 36.406415758523956
61.32322254264152 63.768350497542926
5.202104634109528 47.30277440639714
42.77614173335521 77.2554341966499
28.53877406840232 15.866404585603433
36.47894814565953 9.03128224041837
55.568782793596924 91.93898360284416
54.19800199358913 65.92781150860037
68.74013248633098 12.290760006657486
74.22956239043481 44.04269525626413
37.229745441777325 98.79905548249893
99.9539728121701 9.360029972166572
54.19792016859917 53.8700078826295
2.5213984539479206 79.80298625201037
94.91374262522348 79.07556826093202
88.69872019431449 97.43205089036991
13.985542691927444 4.503419876868797
18.85008788288397 96.54940013409805
29.459329591852146 79.6516390365133
24.10455333191305 47.85323994490051
14.274492032506735 3.7569954906466863
95.19536100724298 26.18960605142153
18.995778969103927 33.16294473026783
83.33029138060007 35.761566695876326
99.55511149888217 62.358016855908105
58.222889842941306 6.673515145228737
8.803779428836457 4.819091128570152
58.370838145375046 76.140329505553
93.82184710940201 23.111596079137087
15.616156404374959 0.4768040086092995
24.383028356130964 88.6449660608673
2.650296084881054 9.879326433878987
57.806944906017165 92.91362199265835
59.73120565936877 35.924254692258074
45.70468757299451 87.123094846639
8.409075345489892 35.26678534434472
94.77832178217184 4.328085737560694
55.03249197488383 0.31314472183378017
3.426591268498147 55.577187120685025
40.05631781305799 99.32033849313235
48.48309785256072 11.555009410126882
77.66789643829249 6.773036624266626
20.569744997785545 59.13024402483572
1.1755408609508744 84.88086248814376
