148
97.38278858935598 70.77716515808797
31.536469283570977 79.78907622228753
39.110999735000405 95.58961011754992
64.82564916370788 10.448929266919315
97.59877287707238 71.89047083968639
83.64913594744047 26.234002634053123
2.839182249357053 11.769776513757279
18.84680164986974 71.52227432488642
58.19609478889245 29.990564465992154
10.248964186560928 40.95515072393354
97.93588353364842 1.1030782740953926
25.833826229471523 11.542656348561753
39.062894763856136 14.511338930567042
58.11510638609344 17.61182397850941
94.98908981966201 73.76967498064982
6.074619384963564 53.01166202317808
45.68763629104039 98.37494004027543
8.526169067786082 69.97768668613433
15.718753961469512 42.45227635584542
15.351191039188928 24.38957871846661
16.731884295046296 13.176034248713941
92.02993914511178 81.93129215305613
60.51451515547858 80.91242760292636
84.70013381301708 67.20363518905053
42.73732886492996 24.346612536677704
20.893918175764426 34.07322822594051
40.38354918007086 28.168557820990216
98.02495154582286 74.63119220385369
92.11385234645 16.43118986318384
80.01387220534139 61.191237403961786
1.1464553985761738 64.21175655711178
57.831109600082975 50.34027817321848
24.556071763578423 68.90925863527391
93.35991312902841 97.9973287705835
88.99571459900982 26.736064040129882
0.26145368750494224 89.56874402269335
58.840278605363636 76.64825838327869
25.0666227585439 72.80968276928108
23.04391890568023 30.901864833384074
94.68122980513192 2.3698316876383685
56.029665513502515 29.065952806064644
92.0826665627352 16.678570353259335
76.97480470289403 8.605817739663502
77.27961075639848 94.90859223344731
76.50707862496992 58.61407636240868
46.4682193846769 41.27652046028935
22.35517354078005 31.453884563396006
40.23722707758277 3.175182012656863
55.75074851619577 40.79519002488837
67.67036783819714 34.75492533016411
69.10775741803792 4.404436733969597
94.13966226940836 24.830673549565564
90.26655847696094 55.06987101306823
2.715526430687132 13.729704600587866
44.07912614964189 6.74788599184507
29.226671955975014 0.26934250124719394
53.67668260022167 27.508554751808102
8.540997857159827 62.340261161541676
44.200571320056305 48.555226581889485
67.17132979757965 87.54470119155644
46.72951462742611 31.33236967219497
0.6999124000085954 89.46324329855729
62.00210545429103 64.26171419139712
55.589727853372715 56.863683932056006
11.877603780619028 37.44711010098263
39.31757517861961 35.57587288840837
28.59271569613894 15.44758827274123
65.44366037778015 88.8231747763211
46.80952309074864 66.41953651053855
4.742100988107367 8.363446303347455
83.46187011307819 66.78546558670466
3.6670944838840924 98.25436814501154
56.26997285570939 90.19805719668058
12.925491317061633 85.79810223283248
1.505522653094593 34.43665679691003
56.35327304527693 37.112771524001445
58.283938242183375 36.772264353674174
15.91601021893162 77.7025740684247
59.60892450655909 58.24753922814645
39.19863921032851 20.031393211193325
67.16816428184022 81.110637003179
20.230140548280552 31.927243726125
99.94537684700065 43.448880650600564
20.95178011315667 36.38453614698073
40.906571816677584 58.26488863172057
88.62268628328849 65.98024670286952
9.48831796158025 80.0942767520984
80.05150686247643 70.44112521722575
56.40530983176293 83.81762763778381
64.55563652328905 8.751044506734186
86.1997477501548 26.79329475643938
54.99811379157327 79.14166848720026
86.57796696080044 7.405299055950243
12.854926692315594 65.35264168081657
81.72497933157436 5.611431248660692
57.98403602859884 10.851689410907339
12.66448932288199 50.12161518749245
79.51929100140799 30.40319044541313
71.83667415664648 5.557453390724865
71.33041802032764 36.85518947556389
5.868650124367781 94.0325788429825
39.37540422626816 56.30880429687172
56.6146802427396 14.842679593865194
44.982020750724224 99.02242623884845
5.0935089434163245 33.43577151276227
81.35094963368341 50.52238796099475
19.17580986528231 74.94909580635778
29.629231373316646 36.15819790546156
68.80861233740796 62.97045870805008
57.871340961232534 28.26443203200618
14.958295035412627 73.22178608546423
32.600362413709064 90.41012778014998
96.4124002814091 43.955671415079976
59.58000789292115 34.72773077802012
89.5988978714695 61.42492065063445
49.49216187907075 0.3905459256922761
55.080184073114566 55.51286670684612
53.89698354896764 54.71589577796839
32.748820816217794 13.725416461339634
94.65388535602494 10.19927149690567
37.77337651438153 56.72633873244434
8.148434886476164 38.51642852971695
82.44552061393902 45.183291657523185
6.058944285544343 62.1418745858076
66.03841819747707 93.53734515995224
55.3631560555441 80.87701903558622
66.10122054837608 50.31694326870295
61.27524231294685 89.16755497509386
51.39957470753653 47.90320634539166
10.366842254599117 89.40511720740784
37.36022535595487 67.47483238864008
2.335726498061663 23.139680943097108
61.7444745959668 76.86546550250253
84.35154349473683 21.404449103265634
75.2977037700208 20.621180477036248
23.88528409234343 36.129234344419814
60.80148022068301 72.5886546072147
42.33538383999548 6.848960373090584
71.33116702818874 27.82437765190382
50.44463235424686 37.97736965111207
56.05309990677812 57.41288763398003
85.8452003813765 3.141955240916694
21.052463131085318 87.78616331699399
66.42186291279648 10.657095145631834
89.56435142988155 79.17679964449643
92.61981480874721 83.71826797417327
73.99041735220274 8.28748201585009
37.614864499055564 9.510832370246991
