170
57.458038894965014 85.17594261335243
80.63366996800498 78.89809600788259
96.29139926942281 40.46758510579041
5.311195613592035 78.4950708556133
10.18793135745215 27.420630132272038
8.372851023658345 25.051677651547767
52.57567630786312 46.454430002471156
69.82473992772206 68.78621501302011
14.251852968207945 85.27412766518124
8.124091371187115 48.04902185328987
50.072692137435446 63.22148263124385
7.025254634878008 22.069770616068784
66.0063854346768 3.4915438677237454
8.298446977092254 54.01753621654054
96.16042951211328 35.49060975313437
59.80509777211237 8.800094971726125
98.67747492526553 53.88439505039118
61.6062514733866 26.34861599253242
0.3788600084243754 10.764122552999433
17.797778275788577 22.731348229654635
80.89774067865122 13.36254406152012
92.04717613820529 85.8010289813586
6.394780947471091 42.64577509094857
63.561074510188476 87.77737443983185
8.483827637775565 0.4892859742690381
64.76992872762347 43.50143294649143
21.20997022818156 37.55091651783013
64.2671073176256 68.81594075223292
29.589703398080026 65.23379228365864
61.88930315292104 58.48049451632831
21.92881965672917 12.738663873667132
29.021603957630603 94.29851538737724
87.28946089946074 82.98375046127799
40.68710475951062 90.7432196623488
85.08339731190328 29.348401353798938
27.321157401864017 18.748461331741417
21.18030344143125 75.99477563532145
20.49504444350685 27.354487672435766
71.5356600070358 83.13073531506818
8.133733633380402 30.714019199634514
78.38544842717504 73.98737071297158
98.29015463252398 74.78658818262774
66.67271215565268 93.8024142949118
1.6778208174837106 47.74319041089754
31.17357160682779 34.80916426353235
89.53228590007886 80.11771806776278
81.00676183637539 68.01252030096933
53.07622682283045 41.32811226041323
5.953821782730828 27.468264584613898
3.036553781574014 7.759842452650457
46.86164313313805 97.17643917337682
33.63773785421199 13.624468482092212
25.42549789164451 4.20444840950559
34.124347374428886 21.155764611054096
87.36246075713436 12.751084200956765
29.413224066966325 28.07049163679386
74.99953656215253 89.90968209619852
32.09499979290739 0.5674092381686036
71.13843428801806 73.8418832731457
54.02132738964711 49.12703506694738
25.261702614255878 58.59495342457202
41.22887306192076 10.912303879807384
15.8039281053719 61.711830923516175
84.0337969052836 45.682218291890344
99.87978533087272 88.8391282307109
16.863432206208884 91.6962657116619
17.858816283144098 35.43804361256323
55.1411665663266 27.2629146760069
55.630971977130464 4.34248961769682
27.370523128048063 10.950534989172588
70.93753189981769 28.665821091605338
68.75348910666263 20.592044843572012
90.59827366891075 34.60733266965546
41.07732787389651 87.68263791550939
85.1934465916178 80.11235554466906
63.95464255111333 47.438860157454855
77.60096291344387 89.11518165683296
33.26778496228986 41.76157934302268
5.0863288822880275 55.53552107186061
48.63847144962957 45.763956551478046
94.19652555964838 61.17432599977729
25.72009893257462 60.43967735227491
17.812351001849713 61.806394184345
25.30568591530852 55.88549708418953
50.83874951826268 34.81988618473915
40.32748067702566 58.52696085530839
45.12951579599442 9.562780946869387
35.87906453861258 63.821893919283845
69.23492032310273 95.46437568746707
76.36476147768238 74.1537846263531
16.55985670273529 0.6802401118586876
47.17639326737329 50.922268368500944
70.09094121777356 89.69874087078549
56.15412110144498 96.08875108913651
28.484536301653918 50.23707941442379
68.89120788180438 61.294177595570176
49.928666750834225 53.954810920341515
92.54039737172678 2.8409899891952306
19.21112344504895 87.07284507726915
83.12588673431398 5.714976672873773
17.304558443612883 64.90260059237826
19.423497828549195 2.8597918642274567
47.38729963082843 93.59908803516005
72.73387938188965 35.053759143190746
68.60226244623928 27.769524091819576
59.68872606874185 66.17208073089698
63.025751793966236 68.72360594397048
60.6001387187467 0.8533202166533749
16.41306981325742 82.58826623399348
40.08250169186833 71.36597933575335
31.28052402038576 41.5969727523985
72.04429975409276 64.51896501967492
52.61976828912196 67.30867645881766
75.67673487259046 23.54245103951873
91.29800708161886 67.69213961757784
61.70190927788448 13.355720062050903
95.78762376482284 99.04071024717909
48.32376853602085 11.326579126436108
4.628753583207057 87.17423224069738
30.136086518643513 96.96825117180175
30.050459158599363 58.00272658864366
95.70969746058464 71.50578162957044
88.3495594257059 55.57959570049956
56.32980328449525 31.081610768352874
49.28912916369794 27.352717347026335
64.98737105841973 64.96611312578004
94.66198940039486 46.38357626445482
53.56459871414296 55.167615105570924
73.17761865105176 55.41188366700833
53.251656355531416 21.938373935057555
53.24941478002208 18.232849921901174
64.1705884639601 24.78473271181728
72.93821958618666 66.0378895595873
45.296432683059365 72.19418434840011
58.40406989213554 58.73127624104172
87.72125332022674 62.797998650817696
63.8092046446917 96.44303247894725
70.21754261521251 5.073361645791508
37.85313984026083 28.23040904631148
28.51197160928861 18.94310597333808
33.40454551168869 8.143473290116177
89.55103286831329 0.3292018393745044
68.97130154161951 6.9027164641520145
37.98832865776964 17.461643934092674
46.54357428250657 5.939174369996381
42.562396585829056 80.46268525613256
75.35663186708625 69.4586465861479
13.944402662440247 68.28255847359208
16.7016523551758 26.973656898250486
10.749975895960063 30.358518117232936
0.010229970858621762 8.71456729323693
0.25600454217635793 78.2654217227355
9.152173595008806 13.92031534634739
51.52744804045353 13.697136224019225
35.57826386699096 33.194519295508286
97.83793771744276 34.19251642053448
29.706045711983997 28.809023448911475
21.910253998935058 15.243332046483937
73.17497963044985 50.73192717046122
76.49859664074876 0.9836555768641508
53.756961135768336 9.06770694386515
63.362989167589824 45.06589259085714
98.60364043091673 20.843293180404622
52.927483966538155 99.26464893081261
45.68309775864474 0.7270555389026101
1.8439723850786849 28.728012612644292
55.67246243663399 82.0466391698221
70.18122072672375 49.203264293504475
46.69189305986272 69.41909899147177
7.048129601982833 37.17123618575686
