140
27.31729391752803 39.18514964987105
58.46375419763965 5.318318102322184
37.37141020674058 88.26336156204341
48.063355217614976 29.230467500921222
19.141853183640166 65.94420241076689
64.22374546761861 25.77373629512021
63.15573628419825 43.78330131450679
16.319383154782642 85.20589016896605
63.53251981245135 74.97938151579939
11.558324658409159 66.7929818601761
90.16218020826173 49.715197310300184
66.45183233343718 24.71677597668782
60.1564854514935 46.82757330590166
71.26248677831575 0.7880121249104644
77.4862943490306 71.92705300416947
83.64609481527421 17.35676192534511
20.813845411254484 48.848662849130974
45.45191659453902 7.41489817911305
64.74519740301795 22.019524394087732
77.35075782927177 19.88343610931478
66.70154308933154 92.68310407920353
34.981792543050915 54.429118741928576
95.68742189193974 70.88617155680947
63.00111277663569 68.49060246015067
93.4211160479248 95.93359969211164
43.80898220811179 28.937988441404837
21.393303985192425 1.5086360005677202
78.60945814876143 30.312148373834024
44.15913531317139 12.1584973644984
0.9312521023251197 39.254212237859434
79.4036273527438 41.14686684103458
83.24801032346573 65.96620147747912
43.8240485419218 84.401150442722
77.04256090933269 0.16562229333401124
81.14245381962664 61.74768241763886
64.22758500023316 77.00101404329227
77.48196581015546 25.527065882403257
23.494715535986465 75.33282830261655
67.51844073694191 21.361018112518472
43.745013156965804 64.34936414979015
6.571011141847305 70.41697731622365
3.428418899912966 80.78368629217336
40.852509025120874 44.80490826058703
64.4183748152377 93.64247660876187
14.885419408666344 42.356232429722304
32.75621333397394 41.145231542649164
41.64726809378219 43.14401125096145
4.685824742093258 7.42834064285518
81.4484745284735 53.09324962692957
68.46237805894857 43.97821056630767
93.96391710819037 15.621878358587772
61.63739976798277 81.08513812120168
1.555600268251267 52.23382611248215
39.532265397006626 9.93692841026893
7.1592116145262175 32.27349990921697
23.376092467636912 41.00076566655297
81.3215527113708 1.1799361997561708
22.10132981448205 61.782364788131915
45.456484870281486 18.32677736275109
50.2892649686255 16.43617628198262
11.174464864168087 69.67558752587873
97.28331827006603 26.059862192634455
15.89409161229154 41.4831991135299
62.620530276502336 59.76244137861823
0.1466582794022675 66.69684408678073
52.44490284108536 69.73649604795416
64.46794967056648 63.274034505156266
51.185077929154396 54.40396644555141
39.46892385973941 37.11343517315287
92.11700157236729 0.6466249119324141
33.057354584779695 9.831977577754769
40.22566622345292 32.63192553679978
52.399621192940884 22.518777913622735
98.31329586615391 19.92443620836025
6.977080994842943 68.22746535391747
93.30543952177447 98.31492470380375
83.10974550185153 84.03803985706256
70.28623943009428 2.9391753907422657
97.54680934952079 85.33233334220999
11.653933758383705 43.05278316762935
37.01559387135753 77.415459177579
41.76042838173092 7.91635090246986
19.9352590793864 32.74870902769713
1.6858669227581502 43.64029645522783
39.051461983600056 34.2733365229786
16.954375937893484 25.41618421032281
68.89842698812336 89.1357848148886
98.1115541212465 80.47797261709646
67.73765955260279 49.560019773235844
3.0787007093393215 71.30459913999594
17.50562483565774 60.6502544298403
41.177567538117465 10.926889131342755
96.86257998522343 58.70027281123402
89.1671938468948 12.982230875184875
87.94745731532942 41.57895188612933
23.73358679408306 17.526760416609566
11.004917604404163 87.85864489987655
53.74615092810906 80.49614074389658
51.28749838642417 75.11254218195103
32.24643592390579 87.3085333060418
76.87562133630495 58.15562350015407
74.28744394705943 25.846478098813762
21.751886619646054 51.41963110505944
81.33627627331164 11.960807390963268
68.69019736053032 90.22661283010697
85.2355397170308 6.374100765973445
98.51673068233382 45.604072375049995
99.0653913406335 87.77481267649851
75.68175876757739 91.35740249155499
60.91098992237403 59.16718275311259
73.12575142757538 47.2610594216147
36.522590299878985 4.413813602812255
64.08719332394858 4.97586798340669
87.90782147821467 30.089638966548847
97.4084245277191 13.577626583279667
67.71326903307397 83.93436119034963
28.101028458542785 19.55872518200611
11.843931214818138 29.914534329243768
68.09381368745011 98.82577316652456
80.4865566028996 17.441881028358775
89.88275382963309 83.64237233861522
19.69622971231254 61.194371758259805
36.22344227851424 80.48720315795258
70.27842160946524 37.923898211353546
24.64978799532076 30.09097731706688
19.649346889974815 5.619984424410562
89.58185917984913 3.692155685188847
95.5339272744726 39.28424302094206
86.58074625106572 39.759357417642114
26.963391514090628 53.3332280960245
77.2786745872614 28.791595464082487
73.76251771425956 57.19999424724856
46.78311061550278 73.3954855325593
41.98729227962088 67.9094614069383
70.90298743612395 35.3917728509895
13.136970130839664 25.19481222608235
92.02710866140121 69.86360568546436
52.55904866654695 9.481017827327676
34.9852312420908 11.835400369283889
56.21702236139276 62.14479630173909
