152
17.96042237029156 89.26042992049067
94.02902729486723 36.16713917714787
51.85815220100704 27.425767981919236
22.683751361469707 58.86392872272802
82.07515955106857 50.95038987994612
45.62706439481106 52.29427075722578
15.298774053480567 64.94892411766257
85.17356526754091 88.43476648786091
23.128192259920176 83.16693833440382
27.941818521105766 70.22005303872886
16.838703728932547 61.26004166811501
34.02763668908061 18.854812256411535
92.24677017116953 90.58694884787464
97.32193623499013 88.03840932860818
67.27311590896558 18.724726328866037
20.50796143330227 36.129190792129236
73.3157657498132 76.71841339079197
57.064737462303185 36.62177850065831
52.408964044166126 74.63609399002203
59.46280267631341 80.24628429794495
14.735934654902671 38.952326813939834
25.29704845722054 89.87489567784563
35.16027666929713 11.717454069841626
69.1128190721557 26.08040363467705
14.522615810715479 50.54015621540703
18.93185659808212 62.16232755143747
95.87132991800217 4.303052915454364
91.00997419824122 63.38482894773543
54.22263119017322 15.670540491820628
80.77807884989834 12.868634879976726
15.089977691872447 87.74282797680628
20.26470338988129 51.35012683804301
66.0380965190577 1.3885569619596305
12.562545732394403 22.595031228845563
93.48454653521061 62.37339740662682
73.8569932475386 3.0752817064123583
11.944681851690063 21.26460449011105
31.611986565223095 71.93611912707053
69.49471091659666 84.32806903022731
95.42537971291091 94.83669972362706
39.78264690466378 43.939427095317726
14.301542493467146 99.62685970551425
94.75674288916932 3.879747165692704
98.68649465360153 85.94807405733079
66.3219543194491 83.98663654556532
62.70178324694734 97.32777997253297
82.57399049346257 10.951064982642123
36.28118901687236 38.60431457520952
40.86104340100866 99.74741962416844
59.15710528910737 35.90899277020324
45.203253111352915 5.449844209324084
78.34301632168837 22.82960759688015
45.14519504508975 27.051423872357383
68.33033600845 92.28116644504803
97.34754539433007 93.15756737045517
3.669798063012153 52.85457090214626
34.62146624736469 38.35451549555838
25.978690874899367 65.50411847671343
72.52498102551144 8.555323376018686
71.41844637192717 48.162171597357215
73.38006777854524 43.213357250916054
2.894161726249178 38.472346145200234
94.38844205195966 10.184407905924186
21.00557789101748 33.7551093388665
43.827279103438045 35.44400743134213
29.122966442583188 87.11812090440876
61.04243341939836 81.48668720256605
40.097103718982105 36.05657005360945
57.11548364882483 66.77326716607965
14.497684847396942 86.16775238767113
2.919921103776324 62.82371450482025
41.39820444983325 14.916281694338274
82.54214587306848 86.03560631158874
89.94027038347552 81.1419061696585
4.423994737477621 8.495428846314567
27.241918571415546 29.9131270693217
84.58028253798649 18.822265599811004
6.189461356628245 19.50806384504762
95.07030066604281 33.97522218783984
29.78246708804545 67.63761617779195
28.745295299744466 15.075949613308005
45.02864989670379 46.78117898295792
41.07563107456277 72.0476033777099
18.87192051690626 70.6666380444485
9.577190767547638 27.919815108485235
19.036364300548502 77.89650408642635
74.25136695650065 24.89761489573453
54.35005654165847 90.5298894448451
77.14857260011938 19.239813194677204
93.35749627251619 71.98832224761462
70.1816707256102 77.11260712904276
77.22486278943708 99.8568065268243
54.21525881921203 23.145694178989906
62.66037681114539 74.43445487609868
95.1329881134981 88.6612560619193
0.4118384900113181 59.937003384448964
4.405140235641625 28.7798753531054
52.65287073772972 69.56141719356164
16.3673259413178 38.835272908535515
55.76796308447188 48.09940915082043
45.16520207036212 79.49160265550462
21.795985606374902 82.38613257795353
3.0485269789268576 93.10861048685794
59.32769096375797 10.883020407253586
40.23990074055006 79.71668988589155
5.062162529698011 42.15288918133736
89.64293951586737 28.149112586190693
62.643559093709236 34.85363428496896
28.34662225246436 45.185697798837985
7.319414032723159 69.08421657418086
3.3912068602495404 98.74561222528929
37.36522987428849 15.828398160649682
28.428688242252264 61.35172772464836
0.6834624853104487 74.60293796915605
30.77850433383017 29.415975432534935
95.95865730696677 35.44121640368143
19.545773418929812 35.26521016004893
50.18292973579449 23.24879247254419
41.67963377483781 39.57286683355201
57.26523125817921 12.153750173733368
36.66371222600574 77.68469418132473
65.79689891013459 1.9985873586926273
8.36546896173006 35.49758586722379
79.06485270860387 79.09683521429987
16.597062275318684 10.336816085045387
29.787144663069554 99.56781410714368
36.756722169640575 89.44041597682775
17.31922015482883 17.66875230826004
21.319128859164316 36.48349869717676
16.254950489860242 48.90847625058403
63.462257668227075 4.702851086237525
22.527576370163594 22.19983393344701
76.48118987298008 20.89948611016942
58.62162600762153 28.627205924067802
90.39915739971619 74.78828034820246
79.14859682914918 33.47987866891244
20.249067409287523 51.574974501342005
59.93526407486822 8.842756648285444
58.47567463406765 80.71091002156955
74.24475481552668 76.62528574718809
98.82361493826083 59.61743913638984
30.187837163314512 87.5638288867189
47.17091713670805 14.30706432790928
54.00618082934403 81.297159610627
33.95117441988076 12.501254633496895
65.45426467882393 16.534071219626412
22.469558192596473 81.39878716843022
18.003288763274504 6.43124318262368
98.23872222006878 24.65856320801132
25.610375422513687 9.345829645616899
58.267398824799834 7.343171126200443
3.658429738935398 80.58632330122315
