111
59.391495458395205 57.77550694974581
85.23475668411065 96.97975963258423
76.70648562686905 19.890104953027787
90.7496012508487 14.401634202663583
44.77533001245864 88.26189389931443
19.095326329622242 87.26834819520522
99.64040788325038 23.53505798810812
6.588620855755945 15.67349410580806
55.284405281975054 18.64122707101967
93.91077213825535 57.27143785928597
86.69854571026731 55.7239525702272
34.602697059361155 75.74431074021979
85.35423172121227 81.88403519497794
13.619540500107409 70.85070484496072
79.85703249931761 32.815098392659415
0.6795368621903108 26.681367189577397
37.763748873681955 56.38747611723384
68.28431201130134 58.90416347778419
78.9967385985308 68.08468775900263
51.29639482374515 42.27164082011482
48.81795426765846 76.13861237321933
4.980947142285952 29.96945861972672
69.55282215630959 73.17358994487705
31.877963786752726 89.84542386541125
99.68544919174599 81.52349839133674
59.77588360422745 29.98774261536662
89.3735641304543 82.68843766945892
90.46019561874014 73.57601959581314
30.151671424721794 7.243060237756305
87.00947480325712 67.13925536990998
42.385538243430254 7.058896649952406
93.64259055050253 92.05258940900158
89.6597775553343 0.7123512868210891
89.15241610711332 74.39397466373438
21.240709276860493 30.782510020310927
67.16382373836919 51.4098589284542
41.97031591869453 14.588835671873124
94.51048185734159 41.6352607980618
2.9840137492914587 20.39142285165074
38.34023414482719 96.82436883160389
69.34910983196457 19.822837892483523
40.162852552653106 35.31890013606501
23.00595996980822 15.005258494227613
53.050984831264294 94.49480667098592
67.45625038905636 63.99120878196429
64.29043050337981 53.004973798791944
10.882413835712512 72.60443457267382
80.89189674834951 55.652126091531485
14.183609928758866 31.264714101247826
59.29235188139128 9.284669711795123
34.10446691819562 6.0149915470306015
84.61818531198611 52.82365684428048
93.39076977306358 99.95049000776098
42.69886231892105 41.590835535571294
41.47323418703063 2.672181861026024
56.382061683309345 49.92391725326777
2.3367577024880903 59.122583822449435
0.023361009497790963 25.191364772593694
87.72331350552803 48.70407659060343
35.929411829645666 22.339089096356602
9.021715682129628 38.04880057081036
81.21628367700417 92.55709824032999
35.57461820082061 85.38332301766775
97.70660934875238 26.893764896025697
34.672858918030514 20.208165423706504
50.76552132906711 71.87403999401859
2.081167112856841 24.640552188397756
45.158698693621155 31.88133109440615
66.7060119932344 48.490921392229815
53.249474138415984 58.555377756255226
31.455940424224327 12.983272834358795
47.811812730039605 24.648856360975113
74.47340783411858 6.342255086741854
78.85715471316823 88.39166625963358
33.74240198599509 60.39910669044393
15.156241036686191 19.87388854316119
23.158993165350182 70.89192382690803
3.6229710633417733 72.75065752609133
14.248882888836622 42.66090631203332
60.277520346727975 50.706615728266314
24.238359538320363 10.564116367885934
71.97992406997534 12.647379101265987
80.88223354104089 46.19071710815618
57.67935741775059 48.02724445044897
49.151936843692376 2.2912697290585315
24.748728982324497 42.8042120018769
52.40268294813089 99.08854989265443
67.27664990479325 15.7981034888386
3.0309513072481864 49.06635911153607
48.43483071175346 1.5886539112744291
65.8166018823371 63.32014327611475
68.53302109620783 43.10667604292073
47.69972532228817 17.398300208850713
24.40882012560487 51.91200468365441
74.45881739887142 92.56256517721803
67.1109796836657 84.05053352515968
87.29542451869155 48.43008651092099
10.935100935773 42.002885759498234
93.22865306801515 36.64772269274405
97.40845661603234 10.42785303606557
31.033112680094575 73.43476097647732
20.909590798999123 42.074947993995
61.80442628837564 26.600477910567065
88.46151726599145 85.10536732076612
75.22863919813555 27.085394110480166
13.051003244142612 3.684782938722808
46.46789380650738 13.359675752748734
95.60833222417003 74.1542893901353
6.189803499156765 6.33025631009988
44.73462141357838 67.40758957799589
19.056612405022435 12.774065231553067
