143
44.88142381059347 12.923221213430914
86.01483575933842 88.80874299300798
58.69099763049693 22.093009227492143
4.609537531665242 7.603500559261334
20.949268863365912 85.81864010335042
80.56817636049485 95.09221010349223
71.8222627474959 90.36741773441985
90.7306908692486 47.936429074344375
57.09040149638651 81.49989493429578
8.261487650080202 41.08934719787026
5.708428633455354 51.67594332318639
73.74866798526125 65.5478908899964
60.3677217489053 25.13022652298218
29.8706515747458 94.62847233498918
94.10577030254133 12.726796224196912
3.3485263416839772 12.945193604034522
7.5988487184315945 20.213696869912145
13.101570974772914 1.244209782972061
53.33592171905386 54.08024283212745
74.18757661406637 85.22168826670719
44.65470118705801 16.720840838274455
88.16958079062451 6.546396417857158
10.722399821176943 54.02510963142196
98.09356966196758 40.20400930631962
20.541363251859124 21.20120773027736
70.69991509001007 69.47600828874016
46.471352274881696 74.1688445346753
58.795836965246686 24.6242784234452
39.49317134212201 37.06838154543266
63.559124476880015 29.93968521902208
8.885499326718138 60.30201606126224
31.846901493405987 27.83904107457452
26.867429116206885 42.400207262739876
41.68850688152559 5.005290272195328
57.15175446926023 85.00187571910772
88.48821712176358 91.39094807166998
36.79262575458934 72.34869259032845
20.61655783524923 89.97187007526236
97.57463073987891 57.518607841143044
67.25354924792862 69.4780518192505
46.56740486149313 31.9677521073066
15.823478702309068 98.5130056013983
93.33496502039665 32.54130245321524
35.76512751626125 4.085246443338741
30.34219419137616 19.27368688380968
32.43609316276507 31.606245853172343
96.86058275948164 63.908754322045866
46.87416733482708 40.20248633108475
47.2754866772503 97.89689367154354
3.791360667443111 2.182237324577374
8.59552258481161 68.08058275849918
98.63921725896431 48.05943223949063
87.24328072320091 98.06512984946163
93.44115457185671 32.68783241819314
98.38678231620837 96.86798690584595
53.97633926469568 16.881141014407497
71.45970416325238 45.57423633058962
91.56606871137649 29.428826963677068
97.07041511943541 95.19718903819698
13.81977135342025 11.156140030301131
97.13151547786948 28.523426669566398
18.20933090303045 70.27832125031689
24.158165745602577 74.50737022040258
95.11904544384736 31.84772882920197
61.478330085160806 24.58340255234387
97.72011615006458 75.74101036951465
49.057903777677524 19.432981268215954
59.022364245913906 43.61574707819589
98.5606073776588 30.73850104681206
69.57700179705066 1.8306880825925353
76.93622893962349 53.3991943052607
72.2908192329958 63.131568213853605
92.16598620919616 23.337890127942874
38.06349521724095 59.146477451853194
96.33623323266444 87.29787322134025
15.4364946791416 47.900281475598575
11.163526885863151 10.850396313196764
18.38959135065894 34.706024322864174
69.38226974567765 77.0662193273915
90.91551756033441 13.319240700743629
2.9559276109242805 64.34259655673628
78.77410373437486 26.836247834639604
20.807129560648807 44.58345563342242
65.52406238476357 24.919314261252236
64.64258454612391 79.31916398318809
91.40320099380526 37.000937044088765
39.34631135516392 90.56315235164031
29.919130466984267 10.056333226283233
49.90424542667863 59.083441790532184
84.93210740790354 22.836396898893053
11.620369228775962 96.951480334991
72.87395721264832 89.03786918438384
49.41205425354216 62.131598858516
45.276035403176984 98.59416686311715
99.01018150116585 16.713023949089447
33.41039373876726 21.28850180160655
16.29937159332876 9.387927462228374
56.968337298517966 73.88015321316334
57.94845748304082 61.01682537624256
8.73968791419606 93.83252967501646
33.65053410290334 45.93825860973615
52.22195362182499 35.43053738041216
53.33664529635178 83.9881161220278
83.5405782319095 72.66936585383212
55.33760905304954 55.81148140416078
93.04104024808993 8.070116314412124
50.38193672470314 41.12934226619874
11.399868977529104 38.914333703161496
96.59620220638631 17.875422436311673
37.860377135612154 30.244790798355915
10.891589874944941 93.73390417481727
19.67074587448725 3.0487884151743083
69.46106371999733 8.056354188914394
53.48522660250907 87.45053918272087
6.415774157643361 99.24932563504719
3.786797992074409 79.50028299601757
82.47975085630308 66.30575130037305
73.2479070143898 82.88384281245378
6.3878949400149265 25.962782791209726
69.99191670478181 33.74866630482298
63.49742184804808 60.67968364735415
16.494929708150007 26.792573746774394
51.67050888743903 7.29250023786051
39.35778320411899 9.491180792031596
9.048774781063617 3.2954195819297705
64.68891959146373 24.941769132938475
67.64276486317318 65.9780565669934
67.34086909530926 31.47731495256634
0.20457605852708394 55.301112543012565
25.634511304559105 6.4162679286939195
18.611050158789123 49.82788910888226
82.99388642624226 56.153803216899675
4.330230468247242 24.970325582874874
5.793950427252903 48.90128978901066
3.139647537123913 79.5962820326104
28.00386032780343 55.86537584565576
83.63259955855825 59.6263484539101
66.8278103529952 66.74994597126883
74.25918688903965 18.953454207326004
23.4981159281899 70.14943657455655
36.97491622797104 7.466094205037899
93.60902100859872 34.02952779237456
74.02709062949444 31.187305860863525
