183
96.93910854562665 55.43466007725472
33.75670873414748 25.23569575165643
20.85550893397661 67.8808860493108
19.985671568610066 31.090779872442365
19.950555237361336 90.86784567562547
97.09076684919418 90.71773857663598
71.77423576369235 11.443046292363434
13.158214670389112 25.40271961424143
79.21467727638301 65.17264111029145
56.71583567357011 39.48351122683359
13.398861044627797 0.10919015657600006
66.7425804090184 77.1752348741393
72.88569061244934 35.12944941252367
59.07536471118276 15.742906511759847
14.934968268527493 65.9759340537856
83.30805071609483 88.42519900832973
39.945793841622354 84.57167767501093
80.14530891981762 35.36012646375004
90.6662695664219 79.8930450468434
31.97486454809403 12.188356342283925
60.98396371266854 20.251828545556137
88.49571205209838 69.8712512057406
49.9451565037451 0.6565576265438744
55.650882727615894 2.4971523094509784
84.18927233927582 45.06490390610192
58.13416939416891 73.50112956253729
66.15735730979569 95.44334109581793
27.222844233147136 92.55586433952836
36.169081074251096 83.65508304816099
63.84140236749536 46.51253840893449
4.764062169814299 35.52490911042598
10.964050869569498 97.17467569308378
28.235301607845255 36.08559850220872
65.83000760175958 18.503312670066197
30.454146585083542 51.89755955646632
57.39815263267063 21.758967464299616
14.240671119350978 91.20628295654848
47.38248293400626 87.80573451012084
40.17706000192894 89.31216149419214
91.4467882307109 20.248923819914268
3.93495871291899 58.16153894968984
9.628965397933342 21.290042035527136
29.40336589466255 48.7182971266794
72.8302370254958 7.879244566585175
45.69336763312442 69.45081656603854
30.655195550784764 13.434689182510695
77.54966658937329 72.11940026003751
15.059592791646903 2.663026756766751
77.33209622634207 72.18163164470553
90.5755991779315 7.443981783547537
51.87976550527866 86.9348851529087
12.777897515318537 37.11518508747
13.589379267554836 70.9399595554335
13.522357702248566 7.904801270364281
52.63545272431652 29.781124721276186
66.33731282323372 63.332490705979275
37.38947874783125 10.170240395652918
34.13731667125129 93.98149040343182
19.973940429021976 99.50013947152277
57.26238543960825 24.097419264320063
73.89849319645319 28.44378349330906
54.57286386875258 35.29132035975087
86.99087265623918 54.69163676905687
6.125373771411658 60.570866525156916
69.31586487181232 45.03932070035067
21.599500020443006 16.828277927146306
68.43944415466652 16.927953609739255
53.01035003697611 40.804783056670914
4.044864684702166 79.15918160513931
46.674363159333566 52.65073102410194
8.825317721307968 67.14501079092273
6.676866101349887 53.13406323464277
3.7612013678881673 99.25870587994777
19.45328947605226 11.00536936606218
45.12782710416654 72.15872996426963
84.73581694090717 84.34006734614395
47.875168006728074 41.869011507375696
54.06195623994968 77.3923544763461
92.47701442643947 19.55536503851262
32.04565307372417 35.85047116975484
59.886055810414504 69.41675715116095
4.8345188482925465 20.84819710807767
89.62291219124388 68.72982893630486
29.732242798952125 30.488308372963257
75.09859399189658 53.46088824951505
16.53267960820942 25.871651198390623
23.767463569715385 90.98285637466006
26.97152600285362 59.9522095422773
93.70397067784535 97.20975146719358
58.47050614308803 7.542604905949513
36.762440903077696 80.67589691802675
93.23348026521508 5.657637882142685
96.02317248249244 89.67977911202473
86.9409740136193 28.154719353950462
73.85049133186504 0.6984203273308065
86.11177218300043 56.51450719367923
72.9966485528859 73.96549232110968
56.00816244535635 48.8616715819656
11.59805662788197 57.017737854230056
35.50979231669258 53.03842425306379
82.72945761247018 95.34584223394145
41.40832486682636 38.09052112582897
59.74524822096927 92.04991218553205
50.53015535254715 85.6352117282898
40.265800172389035 32.4393265259849
96.698129456313 81.3198892376532
40.28174770066558 63.35715253821934
79.42565204706779 98.52771416113937
71.51302880047213 32.45039037489522
3.452643420120327 44.86695577235338
48.3147942053257 20.771561412203422
89.7615452701111 12.24235806996229
32.83515260460091 62.21876545855296
5.436137470527658 9.895544507026155
58.53617310789113 49.03487978259694
35.277131881821845 51.64074955052843
11.711257081092752 42.76665424571664
92.38542152240248 12.02362506190604
23.06196767181995 23.642983807059892
54.53549131016226 7.5706190217097795
91.06921910397834 11.505387979889914
17.485496749787586 39.37857495868966
88.48776992274946 80.10459543134148
73.31863732443712 94.7236596089027
22.6516079297423 90.4983658106549
71.47843627139275 77.17313491292597
79.84038713775924 82.45504859602968
4.7661684341872235 68.7563574178257
4.0613693022119595 73.43612831589144
84.45467661381343 88.45615825855536
19.031626473335294 29.37936785505898
66.77532708255472 22.88826274920496
6.2759326708581415 53.616596051366294
88.94962426115104 59.0976018719223
31.410146769692936 10.745154480227303
5.6503113463937655 5.060019846994901
14.912711533320632 57.7636440283094
2.6933581700395948 86.56346176455227
38.211973813319744 14.465197211484638
42.93390446956018 54.49804565014531
26.374852149665173 73.43546560857887
65.61912228352853 72.32232168804639
34.295169326657394 6.529575930207732
24.83022407888479 24.87059560586434
35.67287697029601 49.87286807678193
2.1370033610608408 56.74819300369825
43.224476239995305 39.89292257565658
30.499127513277546 69.78629546037413
78.26988926423137 48.46578283181664
22.773299274323588 77.21006300379632
76.19329360080076 54.13176500282636
50.629346557672825 98.54852143871109
73.42844249411768 39.518298158986944
64.98351993004239 49.2391452288808
59.84847939045426 30.652599646331403
76.79347745181863 69.24698863879134
90.4920944338413 87.36796617166488
75.75729160755893 13.57546925280042
42.27179026715603 29.651875532716097
32.042783175428426 33.661021198095966
79.45536356422417 93.92489977689816
90.0304294033276 53.05542727133732
14.807952099032452 15.995057552565651
40.28965498685872 87.33226201493358
67.88037205446288 8.17865812294436
94.06299038611796 91.06265652510855
27.046709128210843 40.624673014924305
94.20940859920486 17.71350614392937
94.96673440257078 49.402210430582016
38.883404331825965 15.341508407033011
15.365306725014538 14.0560106708579
87.69305850933638 56.193657661028894
30.806604098442115 83.76208240234907
65.29672328552493 49.76165381426958
66.79387275587646 7.003910422344861
64.5737901159667 87.27138501067795
90.94765887416563 50.73718737333602
18.077836967499007 57.95367908930045
54.641913809084066 73.43174312898809
11.982697041824931 46.6003677315337
24.755967946874147 40.62956551828899
27.32656229724396 16.66152979092179
26.522767626114117 31.24381696115428
