120
85.99266319597264 2.0716611266206386
76.82051773238538 77.5872372002819
38.675615965031085 32.23603792923755
69.23864969062774 75.71140550787797
72.35677456612098 79.86431186172437
31.780705414395893 93.25899156696352
38.70340481511006 11.653244082181624
72.32322608318188 66.6809105764889
77.48749207172423 84.83446181763831
55.30333117364547 87.19009037260074
99.14409317853998 54.662476893846936
46.217183339969736 51.53535236221752
41.33630974608224 7.627289633934032
5.51225775533799 9.18663678863798
55.63208771876372 91.87949212286965
92.58553642334401 75.3693877058984
89.23743545081908 75.48430818229687
43.32372937918151 37.40357182616887
47.98527928613011 47.04075607360768
24.4690272170364 63.20881797117438
68.28376778942425 44.49203188633722
74.97136111607566 35.46416145232263
26.34239452657422 42.76265505013637
81.09730248743934 39.067262598402095
32.7576572386864 9.642004100905787
51.89019775943571 74.14538276520375
58.74784271854266 89.59380822635526
80.30830670584383 77.35461595666143
9.249741986676362 99.59122599149089
51.61385257508285 75.59187033128434
18.017888250573723 12.661616585420743
52.10433998436189 6.640824674381096
7.958115009769728 42.6804658616803
96.79409510327875 15.100972543880332
1.3853045430513133 36.493824900067715
56.578301466043435 3.985596313635098
27.498004127778874 33.949941456035404
99.53907900286057 13.371261405488365
42.892013990829135 60.117330674970724
79.68627894380732 19.71072074534299
34.19818626222374 95.79757000907698
85.14900492898413 51.708875206474126
76.44905180732407 46.988668469745676
56.48568744586322 36.15932773801762
16.572219230699126 89.32661559979607
24.20082789791611 60.630061541784364
80.89835722369058 96.33548831008358
18.596171668395133 91.38680644881173
66.22805939852816 58.75336421815792
81.90473552165217 81.63104881011587
62.706487398735334 38.7611398781619
67.46325536390697 72.1038202223688
82.16821872082943 76.10266209042335
41.23535625941339 84.34064503103804
15.58063782146183 24.0340634803631
44.135527956837095 30.997697088362596
99.76622867561669 95.98907684117431
90.77726239892246 68.72091328776139
30.224041475532783 46.28466178263204
84.59443284001796 62.725461912241364
86.2834119411865 84.70353552877923
15.002463413503186 54.416677869662536
54.979231587758946 77.79948664793524
93.73073378297916 15.042801999591882
76.43459601337518 23.511947270161706
76.44356540013165 2.6187499394669023
84.47823961849836 95.68055446717045
85.49511502678467 98.98753262898329
56.991598896984705 31.271635871768833
51.58849036429655 93.9116644233703
11.887403288063137 64.92728443108815
99.68181950206075 80.55646311279584
66.7736564395379 3.388222864178314
96.27380537366913 96.04840469282426
53.19822387721287 19.55919536217703
8.363851445100723 34.91416144272613
22.532954100036605 62.81646438970399
25.161704350081937 8.439793156432518
64.08082417277835 85.39999063038782
61.07726850310783 0.7305017385802137
38.23530077690479 59.67961432417725
60.392987807034885 25.659513768556195
87.81545165757296 75.80976077584722
54.3941512067311 28.136979799338345
47.09979273560976 59.347319945735
52.57365472182484 49.68693801867371
94.35213339947673 54.821031905848706
3.748328062476314 40.400259424498174
1.5298579274417134 73.42675603809731
71.51199034920717 0.9766979664397324
98.14606849255945 60.63165373622934
84.74307303089536 31.46431164674004
4.399574136749729 79.54604703430363
45.843356832952296 42.85189653044172
56.36281395945157 60.86467095306878
63.83309783996987 36.275153390381284
85.9404896424928 91.01286819705022
51.83291786300814 86.42335664903152
8.496593916085416 90.3960060951556
86.27428354074517 75.33572232822758
36.78710519101579 16.134252756920485
35.28863299830761 19.860306314506005
11.833388178138527 19.161235185548165
45.58712671556378 59.26371684612746
90.18425435917385 2.3157911724010605
36.345056372016096 68.4679757529316
72.97662249047731 92.40129494488221
88.61222057837045 46.61909889024712
50.40151079436499 89.65878172481263
78.53482103210283 13.176369671397648
14.739421813400211 58.93838847531521
77.68053783302994 24.43570722255283
12.558293308289159 25.098289656449534
77.47973718310713 1.598373418771759
61.48533967155673 41.594276322694476
79.49621383214149 98.34178651228551
46.8464905457524 54.18687243770979
99.25902697931883 48.100245173276434
45.10393840074634 49.578302624715874
5.1915920948988 81.73294232114645
