199
22.537606877516282 10.793805532030554
1.8606495468071471 51.19521338334538
9.791307185016308 74.05837689978262
2.0758173749188535 49.79895747527291
43.89099484129232 91.15445583625555
90.84326678456571 87.43241579126594
58.27223807488908 67.07390242212182
68.05443388016471 88.9728611396257
69.74192213243319 8.156652272639441
74.95360493403285 26.76457267414506
57.33785280139806 73.16969090944676
24.864131918897602 42.8844221144116
15.19933316496963 65.77204623750865
67.86859771646321 58.30150315952839
40.549682764777906 32.52690724375531
51.391718728812144 26.918978471322752
76.94149738861948 57.65130966295893
78.42967545953789 16.08346173309425
31.823104691225335 77.37593726116057
71.88187781068525 95.13137623292042
36.17732374290345 52.287118727612835
55.502259866792215 19.61070086119834
83.7702149225439 4.205945168305602
98.7855329648764 32.084408262807365
67.83460407303411 26.609280335467233
47.7056834991936 60.72518795100981
35.18883646659072 40.56096397229349
5.429213255715027 86.19950035939773
35.380484817268446 57.453561183367086
20.85428692260718 66.05955324391087
27.000373538902288 31.03568124731485
0.2954931500649849 56.48251372448978
66.38153749827453 99.55219400272841
47.362461970244006 10.677740635831833
14.661945687729016 50.30181571096
26.59304424993397 93.94375064420754
36.6799469429219 35.10105235966603
1.8412586561154187 68.31591698567154
11.356716910222941 85.88227804688117
15.517962772727456 75.45880622998816
87.88828118046325 60.79244361699995
97.88997213662098 9.817581773562868
62.79234821497985 89.27035215452693
47.37673647378319 97.98451554062093
4.964137583783279 2.508062074920092
15.088478382438142 30.28824620287873
81.68699460723549 25.638756218284364
79.62219170593698 71.97727415207427
93.92719781710171 9.11916251081023
94.01674099499736 36.61911006991566
66.81842184293028 54.63509398693333
70.17478735484126 52.59618699862113
91.9059709304368 70.33350177541097
42.24879326786938 1.6157236624067872
41.78036395822251 6.242522624401237
57.69742500304228 89.61432646108415
77.86013361283976 53.549754678514496
34.26862476112659 78.2066317491259
78.87108992675891 8.869669471964425
34.50305304903319 93.31676771119348
13.230004921494832 93.38937959441564
47.888318855402666 38.098405900719435
57.75182037290217 65.68779792409785
17.375240865466644 4.250188450805337
32.96842684471263 96.63055087336382
43.56338993877406 81.1737062839621
2.1232388538536706 29.79446482499657
35.618344754553966 63.6048703718598
66.797073732419 49.01069744333365
98.17872694781549 10.328623393649394
59.55178850938662 29.003529536678396
93.50221051919084 33.773317342016675
74.55195428075967 35.90221363291405
86.2299134277955 19.682576574786903
22.489216721473092 12.270206497436043
78.65938795942627 5.531402177159217
91.33287888000815 88.29400654727941
10.477001465247781 7.919267365106119
60.73389490291793 93.62336965799709
2.9325316557034187 43.93262214855079
51.597235627102144 78.46979650313541
2.9948645417523734 69.62040232549828
45.83386356383503 58.42024751128275
90.00309250628025 28.55933441822379
27.996228631326414 71.01944953239237
75.28778552314776 19.118625564107116
11.185695974883247 26.64068807304467
4.460100308778414 96.52295702215093
44.30246269867414 47.7898438042138
85.71189393470195 73.53602784575459
80.15748754723847 4.050661253456034
54.87604435849851 16.202974153523865
82.47630779909974 92.28341526209324
7.263005951179968 5.196256588000459
55.47598172785848 39.45010422227053
13.38644834692001 63.1860767059961
35.11417335386409 56.032548698040465
68.26831158601287 66.40842197297722
0.17128320698577282 46.326654231062314
68.95667700076203 74.52144947237973
22.120685628706703 47.67097990853533
88.0876511134824 44.52799411059847
22.650352732936252 51.01395691041341
50.14864653373839 34.03290153410307
56.529339483384625 99.07278288649178
17.352600484738534 36.9910133375437
92.68817551141811 55.61174190477773
62.87197635431701 8.651606822881043
3.9754434682895856 74.77871404230898
11.208896929485746 99.86785973509129
7.16598839696797 40.65519412730302
74.84846223502102 8.05607913585672
9.27922790974317 21.33324563511987
92.84208977529383 44.835288925628916
69.56347375530527 61.43501827736165
10.592895919230882 41.99495873450866
6.8914091302183405 66.57348435427679
34.085343101038255 74.43735813748874
87.36681857072637 79.53146733067065
39.88283945931552 77.74372454878193
58.43194385711856 57.65772771562357
50.46876556319179 86.3310963464347
15.941602450244519 23.347837126959814
72.94659246562375 92.4027868715887
27.34829442163509 9.94794277015776
66.89647478798135 53.99006415527809
80.06819642902941 81.40813125385573
64.55242913469772 58.44287341228153
51.22124587703105 17.39785192808412
32.046379205488165 73.1430807874898
86.1585363280629 31.426667510702288
7.310261683320518 38.49120206802583
86.40730885125767 65.68545928811346
48.64922875099062 25.27039009042372
81.08386132848447 21.135036987643762
87.6313621593259 53.18372889294349
16.266303869877994 89.80206131356641
44.969978946324616 10.864662682255343
37.41669097974617 37.584255675728095
55.023955194239925 37.239037723998536
21.7789765718985 55.462971750421566
22.201753711421436 46.77619478927485
20.5904834635545 58.534900584174146
75.98630743624682 12.499563302506356
59.170506932770465 89.37153468537349
42.66256699930801 41.44528158746065
68.36312057432632 18.07978683169853
84.94662540187232 0.22993503378287983
74.98028518757629 73.06515554717822
56.96531523032815 65.8513393991791
55.66908204971151 47.49048802914013
25.081714688462398 20.503159839543393
6.752736262800663 39.323092420769775
15.698365695683991 99.42414854689059
95.71958537222962 51.006438492704255
45.27814250893007 59.221535406648485
46.41823172787885 32.95145578611564
76.01217531705106 12.515333429021979
60.45921513196727 16.03172538761428
67.0652840584345 53.39930529617224
56.676668978494114 96.52922642255564
13.075881766626674 4.562173000710401
32.09407091389011 60.996985718236886
8.417092679295868 38.65665735334927
79.78898842335148 69.90727505771108
10.0162391729968 52.06793067706291
81.42615883239054 44.90287505835583
21.953950513865607 74.8442179821227
44.03992741760452 53.58138351165523
31.83148388979883 21.750744815355095
39.76067969098743 78.5156481654835
69.4882297287778 64.27314859149533
60.77059865718868 61.4839243692072
19.246834659759525 38.045041806018595
92.83167060556956 91.9036443983793
7.347677853702351 32.488740842166564
81.0271640778661 42.02073995987101
76.02552560451663 68.77189331497446
85.04005434871033 43.35257200217667
44.577032028035156 79.26207783875785
2.3775756969711126 46.936691931802784
41.181858992050934 0.17044535526986593
72.85620516423327 35.042874023767965
99.93624731318015 79.41195651538239
31.196150088480934 63.630089345619254
74.88163213233715 88.72116383666753
16.0245056366765 62.575664716499546
16.32338604653777 26.42064577600357
29.51603467884749 30.932364720619642
9.553632839196325 2.8833690331346973
45.14003935949178 28.061931216101975
97.82788916672949 80.72374447799005
67.39208774641631 92.59114878410823
14.09128213400418 98.24163260567879
17.228166414575107 88.60151516580434
46.404419229573904 64.30377319148283
47.97292346741874 49.93908806402987
69.60988540696351 18.47942594195462
90.6435641526393 31.658422265672726
