154
45.21755050786799 16.157732640344435
84.30877558175547 24.58282776093571
27.653663933399606 35.16950035000808
49.8189155476263 28.138391680028597
48.6296547870367 9.973804671212672
8.331458738572739 8.772232284241266
78.17315940060308 33.08223886461414
71.86864464573155 79.64285032746663
3.654718068426688 40.80609346903849
84.21012776483363 42.9150260531181
12.65331377699227 56.21109636614645
8.849863216247677 27.06363310674611
49.31360230666532 68.61522396169735
22.721700428948466 24.193961442303834
36.11911160502102 35.95587040367716
26.36636064019642 6.465288298347249
7.155103313293143 63.888909192921496
13.996828160098184 72.51469954372024
59.968932554586274 45.91450460668028
77.18739652675725 16.520179986208973
78.24094230638484 98.50973366928784
86.0844722596422 10.497699079455792
50.13178178387514 35.995952949230734
82.44042753178931 39.14136939499612
0.42444521073752295 57.619481418352
4.65666382045542 22.213585688120574
45.98250665521918 21.89294664790661
79.12571965207863 14.981664637020264
76.18206021044814 77.33531479658335
8.867455347326347 93.25916507269932
94.00655701270954 71.73677048738051
73.67748869135173 16.703123885131077
74.75438630581957 77.25510601822417
72.428478741641 75.93182667796475
37.05409005027151 46.961516471520184
81.34862463042 27.797523467783712
97.2574748066298 89.92607953180146
20.37335697595557 5.598471719586707
80.2248553783668 94.10889759591257
58.980532707958886 39.277734147564814
49.433280951940304 29.47952603558167
85.27316027914186 57.93449105751263
50.90964448817724 49.6744357395846
98.77516856216869 95.94062244670512
0.9975267513147146 2.246638814993507
82.94764312170277 60.395140742719235
93.69505002616849 66.3365706624419
74.37917569277182 35.35312175354509
28.99006937347801 75.48454914174145
29.636981877689806 34.30085678497896
79.65440001825755 82.9287858878067
44.52186074507137 81.42270997442219
26.81096742455873 92.7174669603933
89.08094133418048 53.72267250209144
5.931594533665119 92.63840657948558
2.1313261381923354 98.2597624790697
54.0359262703042 44.233489872773035
70.82224346833004 87.22213084703996
77.53529936818154 12.676596993056787
76.26492066985494 40.93659782497876
65.65269616987702 52.563592193184796
91.35906181332015 99.85504686189158
1.0510709306005728 26.2665485453746
79.89498570811658 50.588107718885475
47.788884095207386 78.41991243123466
34.6132522144925 38.23284185136039
4.814291952330663 65.843312216205
49.72002607510907 32.80858576289909
48.60750621904146 87.44291856538511
73.87721939697207 58.34426018819098
38.55653939421614 85.60096901965477
65.9782222280836 32.38799251534876
73.45663911327448 2.508964564903071
64.34049056303932 60.87823254877838
86.03125873843925 92.5842987574044
17.02661820744146 53.240262273626385
62.935027841668834 24.573723223520716
48.52236558862744 61.9843894992657
16.87842563499854 42.704513379816454
21.74842722322502 53.579953277694706
19.62321354651422 83.91287688143414
98.48707506945932 47.76404971538716
67.644768639503 35.52489061932624
20.295527670839753 19.834169922241774
27.749760977923145 92.13242220819076
69.92239127867754 65.449128085836
21.148497742262286 20.49225796792178
64.34544238569232 77.45554242682597
4.474268679073779 47.66866833903167
0.8023616809790468 86.31688299125726
28.58418416439601 32.735952874967886
59.09660715146086 83.26175673689553
70.57239970894722 13.34037519900736
56.87187880756014 87.99449621018977
97.90048745424764 55.83026866326304
74.79991723888098 21.13907146108075
79.64084735159858 5.70611219096504
6.495733317708985 58.69977478658921
74.90346104232569 67.93707818021855
73.58591031093006 57.59954145303715
43.42069444111657 49.84271098078198
22.1615167379274 34.19377165986095
34.3459165683076 79.74105299025823
65.5483122153506 6.784603605077377
98.1678655823361 65.73513881570324
13.463266681992126 55.348324927859736
86.88485631738787 17.58814518272733
22.091859108447622 95.63748335162873
91.70175319695426 3.1081080423570495
92.34302198441735 38.481553339315454
27.942344208953774 93.39984620619553
63.2306717718796 64.14181971328439
44.47785678910798 43.85187316048563
46.814951527849324 51.58719114592761
93.23988050281213 17.928131381931077
18.388192407676495 43.58244296983642
32.6708482710899 96.66324542536931
86.41054168603421 47.59490744933069
42.13201850665643 35.267723862898215
59.82602992343171 94.98821188600354
80.12176260849441 64.83888080025403
50.567922821314106 64.33414759043028
89.18438250613819 81.27154927401251
85.19002893054878 91.04183556009907
35.13409492129066 16.26594148118039
33.188871595650774 86.21866784509898
35.60538125872811 92.73893113002008
88.84695254470783 16.566026297692883
94.22611986890122 21.138289197215688
28.699802974467847 24.678218428501996
33.06385373242446 59.89277694911287
24.229196121011633 55.833334263844634
21.08421235131771 44.45802351161131
56.599012066838675 56.27003005879104
19.98316425746378 29.143667815934503
20.36702747262964 5.270055630289383
80.07258155586536 53.228183778621016
15.211681076137562 18.58754283848515
91.32371464996805 50.474954204512045
85.07259095336192 40.46063200924211
77.77620727681942 83.4055812145666
68.3590301826145 56.689909167967244
44.422251929381005 93.5932668214023
71.79187929465996 19.836909130064917
14.264799426110642 56.18651687325406
10.50243468762595 97.62859148817195
48.57613829388928 0.9022958600903186
16.60115882592069 96.60305346365479
85.07406275051152 41.556793736330235
12.214500916521276 35.98000955348846
35.22868695122947 48.967715194554295
28.614345497787674 1.767754074289074
10.359819803958814 13.397889069963453
58.90094582919991 79.8256940485802
