179
73.3518775899252 43.569832667584976
28.017536975593195 86.02757757298176
86.5231000111548 4.083925923602505
3.0007659965781697 6.338040099838905
41.483593598878585 57.526223581107374
86.66003846860684 19.122103934600766
77.95128922022107 18.206980464380273
53.243341122963194 14.35545883895406
76.50551763046036 5.599019158900898
14.188496051379374 64.47279085921775
42.444695703077464 52.66195500313111
96.27971943148113 78.7587508519309
22.467298405319557 41.29156832476074
72.59179572091475 80.79353373753972
1.584947757258759 7.827814487676832
84.01083760443802 52.924735182600394
55.459500203069766 69.90546342852416
19.47703629122437 29.032263150648706
97.72041813074416 7.789495814281244
62.6665234897931 42.29373416016363
76.25497925860778 57.27602845212888
44.10431000275565 73.83247139235228
38.333045209686986 93.49540385227645
28.976273257590833 44.41813714677932
96.04322578630253 18.765466393578212
86.4473898706437 12.514395582553162
57.252998342441245 21.16365647886339
28.187496576719685 19.141488940739336
75.35674682835985 20.305699939045606
25.5712812039919 77.42089699640454
40.46909532793006 45.05504790777931
17.037401211128444 81.50200344000471
92.91372510632272 10.809338412689085
35.02399226238801 45.652653269314946
55.71029642063109 30.902040885329807
79.04879560868139 62.26073922566962
39.091757201948354 20.693110281733862
90.72648023850512 87.73289585642576
10.346918249559224 24.043233071619706
82.43328291766282 79.49409010265066
29.509696063534296 17.735043929830464
18.673109102879927 36.02809067978839
69.76294932011102 24.63134411094542
84.74920572834121 98.22932957328506
77.73284442378244 36.43381944313546
82.44578450501531 64.90355853767643
92.57339580839741 63.7928805077851
25.99335532217575 74.59331766508518
60.688337899989996 15.246102032880914
83.2424995370831 36.63562870945339
34.461982116973864 68.74662302311685
17.278476252553677 40.80929197152871
10.505080794688904 84.97495054549118
51.32257035887252 61.591278300974885
26.093500187810427 24.120828426935038
85.17502460824848 78.81379310004189
27.719243873550635 1.129708750347047
37.048838209624165 69.78490644519307
18.37794070487272 9.566031880301429
20.574006976574253 77.05834539035709
63.32140960938617 62.47659533868023
28.97027135754444 23.378816208121766
54.09149810934516 59.50767091019237
24.183728267177994 72.44064196261968
41.34908880044522 19.5887838144025
38.49922827811139 62.21031489278916
97.83222702555231 27.53809468918623
85.27516525174495 34.73895849485038
46.41539562938548 54.27365767930854
80.89832988646856 27.995890050588933
90.85700496591743 23.23551062952062
86.2922397450954 26.071630058222862
1.980799839267544 15.377221631502291
92.57969276536174 37.88995364925615
34.15735183119608 58.41796890759981
93.59760946615498 85.01371074213846
59.95755798228613 64.65639636700506
12.135989207908949 15.9013515109373
70.38952788238672 9.061890163814379
79.22354064542075 55.868585626644474
90.42662437310153 46.99739820444483
97.24620054579299 94.57190763581328
46.957972104888455 56.78897193931001
37.054531262660426 88.59282152757264
50.172408663900235 85.81984020686527
14.640766342338818 14.836761195523673
2.9864549729486045 19.381628022010222
36.587014191390864 34.35615251676146
72.20203946717234 68.53173100799013
85.44903103107634 20.95471836421189
38.46420157452629 66.79069794551134
13.58528736002632 56.770927609718015
53.48188563434415 63.169709004322584
27.943481215587962 77.8769002477329
0.011539539377813934 29.035885445649377
99.11565101054644 17.624442035396047
2.6321322343247466 69.20625852817777
1.7025689986113313 27.127207681931854
85.3703081192036 92.48174815106925
95.12100709917914 58.46023095587327
11.620571126993662 49.25475257778965
57.374056156387965 56.30808371889334
46.42330089804325 81.18209714289601
74.75842499031332 50.72481820888822
5.178462563312247 23.13893470461956
75.759930572516 87.66747813746659
87.43370332509119 87.63025212720025
35.41933217762775 31.158789238035922
37.140372503643825 39.36142832979751
69.53363911314263 19.28992260730007
23.72608388773274 8.948257702121287
39.796713583234975 45.28516328945873
36.29005565628476 25.189075636764624
35.48632478673653 91.58389843041971
69.70846484003383 15.510795586723935
92.65843317728361 92.64699899906647
1.9778680809534377 13.994057767584444
52.81857958991708 0.943135151033514
41.57350923178318 48.796185108050814
46.57520841170902 3.1163205244456926
38.02476038815785 39.74572798664098
70.61720193716488 74.73600863038807
1.1150391588952813 27.807493768223246
10.454491385511444 11.877371458783138
13.490664616013316 91.83695546026385
90.91825427994121 75.32018964291515
51.16523613901583 89.19544499938226
3.894271384751513 42.922180087879845
51.705954686172994 84.83244213041182
36.50585393718846 26.40566223752614
79.528133610423 83.20830166998209
57.63720138923285 3.2744811470586277
92.55028772350641 68.57638184777052
86.55357627650126 43.88266128178581
11.08798878496925 93.97015801449555
68.20543072004926 44.12908517020357
22.537173946882117 84.36890791524134
29.756490500441547 49.31883136090134
23.204608385320526 38.33035342750748
95.19933231661595 62.73991200277369
5.501063264781636 19.330196051864945
35.89451283843961 61.48126553365153
23.395977155541082 1.8934629056335917
84.4996584256498 93.34098052446063
20.584407390100033 73.18989855941014
9.275810914518468 23.89592523962407
39.49439947513175 66.03151338892614
18.679227865018067 85.4525240025367
9.717181903451733 27.84805595749207
99.73510584382086 6.857190282756276
64.94558603820781 14.995887479204173
82.78072744094244 16.28879894059535
83.81778360895173 6.863651782799785
78.81789023837631 45.43524199118267
15.372072330115493 24.597134221786444
50.20774450911738 69.04882589621744
41.45481223056211 2.1433658390144883
77.77391380648778 8.927161767388014
51.26546857496127 17.474740124897224
53.29446949694575 99.90118717874074
23.21628969058357 51.86634591804887
26.21445223558796 16.860161079383694
94.78858111722649 25.207515470007902
55.62522692697425 49.50630016678883
60.32946162226107 40.37720313635202
32.866713702784 76.94880522239325
9.645943426999427 89.7362969825896
78.5773368002684 63.49846654741717
35.55157346562638 94.25179029780976
0.4657436849964669 21.902353283057618
72.52525607668028 77.65422242419649
40.53669780129926 98.88189472744844
56.411001200600666 0.989680422867989
86.67004604992849 84.4076850121764
39.83670785800665 68.22141359698307
33.942037727659255 3.6565351903761423
37.319719173820666 53.549295981527465
77.46897594991712 46.228642044296954
71.36428030117364 22.701815945586677
