193
88.03974530536703 58.3249700817741
63.239937793042266 89.3238203231602
41.059009804922134 74.3186041325898
74.46029994015733 28.342542816093165
76.07330078658481 78.32576867779218
15.086499544141985 70.2337032217669
96.33085188819341 90.38886757655415
7.211257958415029 61.554174545628804
14.415123347062032 11.161394866764551
79.79187357023942 27.966725161164586
18.294854849640796 55.44446302113927
12.128562734556825 44.80365413210274
78.75437605465379 61.33742641833424
42.71339944443818 50.788320812965004
59.93211350812021 3.0229975406365073
47.52530000930677 34.16206478891157
8.012559422732156 58.08675475869969
21.15163342149171 73.11317461667659
51.26689883000909 53.335061778949644
93.6440729261775 66.33972126941714
2.9356002168667295 90.07035719391183
85.3162976157114 10.103371152365437
86.92749993919075 21.9306336455491
77.4371316771738 89.83842395769867
60.28066625323145 47.63688648957599
39.3799884111906 58.627486368758916
9.627671412402815 86.68865099342601
63.38862437526744 59.70014593397883
94.70116204700685 36.282178525055876
11.734920700774143 88.06510345782642
45.79989602626517 77.8380391872777
50.51716468593821 54.87226883294203
45.33826375117972 78.44480017258657
83.99582932220667 31.742437528617817
94.2019276326798 76.79232978700287
62.09990539647596 71.46216906497513
1.2753911966593812 80.87668300669624
47.55560835875304 63.54316917721372
24.432861442917243 36.21443729166205
49.1533881912172 14.832307834213598
49.037178021754336 7.43574247759674
0.5925449396181559 3.1585322781305547
92.76887031763667 64.64932547353513
14.51830927377702 50.606446368484136
91.76562847423597 49.43203644600054
24.005322406173413 70.39928778488186
92.29673683530095 98.15532047630614
61.80509037468145 78.08832449256572
59.8435340518636 10.757881854349549
40.27360280769932 9.444528608465086
36.93689901854857 26.34308596314401
48.50709162500151 16.691168964065405
93.52555592077188 90.8252056642359
37.05712837548308 0.008247019304841174
60.188072989625816 39.74301787694448
56.11897025420297 98.50909193604076
6.995986313800373 38.156618888251224
63.16870412685394 42.29066557301419
76.65135577021618 66.88856774076164
86.36612529683518 34.62967147524855
41.233465372045394 85.27781194483177
59.17368775909575 23.140569389733233
58.05082184250554 50.2976237522196
36.76882181881649 88.5634350285504
23.558072265017437 6.884951507913328
90.41733253973732 9.338919917469823
73.80582027992172 14.004662715447292
3.6777152166998284 66.94396497588107
51.31433386698793 47.481809977523284
66.46454861701028 13.634207360063455
74.58209284035686 88.507841911916
8.544185666244386 5.603244743793301
15.807825559073695 62.077537784342276
40.05971928239399 75.23729693765205
38.1335360410369 53.85039950547552
46.300189397261406 29.313312799949976
1.7033913618376695 22.015404250927475
4.4591743042939775 36.216273645531736
86.55919779974516 4.557697805290395
87.43496010737083 24.244793385605778
10.221395502303409 54.32513111405771
55.802976246448196 23.85856752835028
8.546123142954487 30.556631094450914
80.15787207061065 71.42873944440655
2.430349153304534 35.281159668630565
34.205409690038934 84.66254376972633
94.83963285618263 87.33259959005531
73.48256334351258 99.85844025040485
75.22967015229065 15.51259340407658
86.36467140628532 87.70319909497427
66.78007835840536 99.78174243401163
85.37695800614145 97.06069030279704
21.811718378472133 64.92236439476281
75.56093808642409 28.31936795552853
73.56739434511542 39.626681862006954
30.552477241256636 61.88559539121563
93.33708742023556 56.96255383745397
55.0398719058374 9.046212916704732
31.37780415666941 9.177201283881953
40.976062759964414 90.6606741016398
27.25798296273978 88.65274181132277
21.850734944312087 61.11797643368227
1.9263774488822771 37.16461063379963
19.45123576261423 98.05314049557072
43.32211843149426 82.15022887792139
46.86487186194515 97.0226564273719
96.23627308919956 77.58249145922954
40.07744049315035 50.9525832858153
5.077766052850108 81.39524636392777
85.53651235218432 5.256937556605756
44.95933811760696 86.24135955966246
84.04946820874396 52.021385864460036
46.7562644906929 82.01858682087718
10.553876216682067 36.63441542277881
22.854815575401233 67.15959323541054
48.86592661801457 83.42017234102063
98.35589422610865 72.29257380664619
88.7326220978071 20.194682202528913
18.148583194592803 65.9129124837147
3.125222886133072 71.49125734897578
79.11243181373793 63.921182725845505
96.83900189952456 34.66368080159974
72.3246256295433 18.535841924316856
76.48949610418553 83.40859710402614
96.96603304415115 44.27836850880406
27.766099731228156 89.43385110709234
6.153857953453956 32.012055958111674
22.48084031502483 21.893918134951683
8.580170339592929 79.68872764859437
70.86409371084194 36.81977009891969
26.566684593811907 48.719524793417875
35.66975304839053 48.26514633721499
88.68875049901769 66.96660949044735
6.188214532139192 36.20534784198321
36.889606950345886 85.5670284661089
85.24318232488291 46.790535565428925
99.80035289200552 65.64752880953773
17.367008745292402 37.06842094835392
50.895688609558995 29.662762544682774
85.9195130163974 46.26816577548865
34.25456327751998 90.97492605629944
20.4280049113871 11.01033600247855
49.45626342240475 87.4095057692838
12.481933115265297 19.71668439358637
9.362318301327177 12.651846737262174
67.18279132808853 66.96862307522437
44.47236433142356 23.23267065096478
86.02527220014424 4.416306571930595
16.49038960996436 43.17034925714446
30.572750355032664 90.49557052558932
32.686385694385365 57.19995193808158
89.04284916832508 23.33106580426839
69.38894800950098 40.44839273054552
19.519620308798814 30.540867166876616
33.69265082793543 14.421596680230685
91.97789251699153 8.135999567864127
55.35853876149546 0.2648725893702908
33.56604101465618 40.32914189016178
99.77396250331267 26.88098784082826
10.087508674427081 62.63418073871887
84.4919480591594 52.70428163698283
3.6260764079073526 70.18097734930755
33.151262494395276 48.548858921829726
29.23656778286815 90.1075891886653
31.666515537765704 3.027970578665573
38.140104233807484 50.60317121486963
18.882871542415312 68.29649964887278
35.04874299733301 29.289546113624297
22.34500998767822 82.3141365238866
42.78259851910269 13.186949658699177
45.437139112092254 26.123833831125765
42.11376727980254 50.2168235428823
20.412255669162803 93.34726290481228
2.406651562095463 33.42753599506688
4.761137535763471 14.503963922426754
94.04769020482439 16.24289665532901
14.236040254982873 20.592844282714097
38.193716166609526 56.040720067930195
88.19539370829555 14.396768467025945
21.35958960769284 64.71812932673261
20.004115776015574 26.60443954947027
58.70974975157278 18.85663395045737
50.72899130909696 8.82182683862821
16.296592958689125 3.955141685531982
12.89862548685079 25.57084043164497
15.542668786120007 41.048886316716214
49.59188755344639 48.68161421530156
95.90580137692486 10.51245244232918
92.63358299493459 1.3060444525994641
16.219421465669182 45.70707018473914
54.773392124741186 81.8336220524211
12.333349311017528 39.61718407763036
20.595985691307405 56.75360274080117
