153
92.19489940930798 41.054402346989605
16.86269384370741 12.480626895460711
68.66436571399483 64.56935102153975
89.45284918836069 29.583406057293015
7.682147591758048 62.23745193997765
92.45122709022992 7.23400813158973
9.068986875819318 82.5256685191163
5.073981681579998 82.41953640197977
74.52659502187153 46.43342605965539
56.24982016567562 58.595660588219886
93.62996881260254 71.97277684559009
15.396212563918532 45.533274719745776
6.020784006113267 38.40046557164483
6.067318125236831 1.0071550013310615
79.36760006664936 49.21164124761026
27.1034746741033 57.13281345509786
89.30620549819756 50.18820745315369
18.642259435965723 89.57148006894641
90.39856838586874 88.74729449494977
63.391455138532294 86.2681858156461
88.23067729372094 64.34513202650088
52.014752062095305 71.87222545818098
97.02155422841948 71.34892358732095
5.598692378909376 43.79294014411184
72.8310462955073 44.20988554504167
80.02107573959971 60.021645150454006
64.81009859072518 82.07295190380351
2.708305378293252 74.71669215876184
10.932480834781932 80.43030749865106
34.85451279199104 23.88688601678224
32.98054332354835 2.482501891124589
56.97042407159688 18.778142680804212
39.025006148657305 11.034486563183687
98.40339257229105 79.32177941096108
27.14509427027566 33.474334248119334
72.10065411153208 54.234534211788954
4.909907078313003 65.29173154166926
57.27035381740806 70.58766748017693
30.53069169142637 71.41869352959019
40.09184754252419 72.94993710960527
57.567115759230994 58.44404013019391
55.24787257414844 39.84868066738405
62.97298846982454 21.77117650636339
26.94303638316944 67.65649208362413
58.32638494090524 44.706175054907234
29.127473458251263 5.348925721925369
82.68215265134081 93.86813311024248
73.32122922979028 46.40950369637732
95.41733039282492 15.675172047561691
19.376037694997283 17.17901030740274
59.36307226294769 83.07840472552058
49.32690818777623 78.6520524774385
23.230920788666577 26.088428725674962
94.65781979729462 55.4260375630673
20.422516819207303 71.66798764404518
42.62190207605984 96.63505562865855
48.39331118875829 7.702925209652189
7.46994352136462 64.77030076920705
84.32325218855011 11.519946671863313
43.3557049372585 21.449186981781033
15.44018170089483 58.46490159996465
49.48006945056259 0.9056471519089615
59.29098061701224 22.603240357727238
25.289923821611037 94.6084406596292
29.040631880561165 97.6341853995672
61.99447895981835 87.22105104562942
43.11334384825029 86.61727301907086
60.32277442094455 4.459788643829188
21.140929696871346 20.19496455359384
9.816764180412829 80.20735311766599
5.036465211515573 41.53375813179664
19.829249729742592 69.59973620863344
10.844137998271286 65.86940145835806
35.16700948212046 37.73791932112071
30.151639439664656 29.898315836592648
82.39508524790354 82.5966291861656
27.40566474687305 51.159772398848524
57.402928084761676 11.202518995556254
33.142408998544646 51.594079712988815
65.9786227302807 93.69905033976809
11.248389056920495 82.7138523228343
4.841985652378367 20.23943761437702
77.91186710350799 53.02298269612681
57.065164036116954 44.666650057576874
59.06369164676075 60.47334469101545
5.532462735646327 97.77526789160423
63.81830329199948 47.8329283057515
82.37648199296278 13.455442426731034
84.79786157577634 9.812695873371313
7.068165687088923 51.35748663833007
66.51850260642895 96.3214847947755
8.316422302035098 8.767275566623123
76.73145414798672 89.11535432732964
22.076811443181356 39.3146348976683
92.32817270992025 96.48925676218848
47.0889635715535 2.55014465534823
36.21463745801362 53.268250993555355
36.30015679933357 5.006855420583389
81.29900166174201 3.8301038258325204
21.8476212348514 16.228209374086934
16.390725561627796 55.65490665921401
80.39450292982563 62.972366495528874
5.781855979199124 65.00610154708674
72.45788222867063 25.968257560382213
19.208928691924264 68.06104070252069
17.04210963369157 86.78331392095018
45.657683106162224 28.557395751544547
91.56787694839645 5.8477766310930495
24.239545778608186 6.629713584851471
51.824125646241846 68.16475027757122
89.74888144877669 82.56309880057053
43.64290057410491 67.84510685480262
12.476661099785225 88.16487605393122
78.7341510251548 76.87743103834511
11.347575982419366 71.52956117748847
56.95007762994961 63.66153179846036
44.56635659467726 30.871315893810948
8.065902226725374 72.07179573580838
45.220936756119215 37.0365401994901
87.55436242967708 52.77508694641854
61.638178270162506 68.46511875246442
20.536243795804985 31.284676838641634
24.98044248974274 74.75408754772707
27.36639582861501 75.18047219475021
81.29635824665073 85.2048692873515
93.9113070441533 30.479220433220167
48.25009871289677 20.67007899624813
96.13833314437211 82.12590610545595
79.05088239807077 84.53633202754476
97.87105698939598 23.193285572743616
57.391426077810735 52.95278717575839
38.84993380331617 35.03673149445896
28.132965583477553 67.80774355242785
24.406060913734706 21.918175742926206
96.51777525567229 54.36640963868994
71.84327760122812 21.439549301627146
38.215638000349536 36.943266459637655
74.4067207874223 55.45526130211114
87.91661592294578 53.74858041296552
13.151574053445591 47.39482671634042
80.1823847436916 67.40169940584792
58.69322019633546 65.84795370886201
15.570617728912705 1.239481489322436
9.577447695545915 49.048716025734095
23.725285807161313 84.6957756504554
96.311991776077 66.8812932846101
8.699988958490923 62.934215520916304
26.618358537158503 41.57062260998442
81.83549725254034 59.75584708656402
62.19876500819493 19.389398267861225
70.73323979973513 93.66456861430346
0.3665153365679741 29.321716447941892
5.4699537504260265 52.00071244820904
