175
43.84972964470349 5.382407473414319
41.371519164004326 98.58926287621112
64.08587482139828 96.51676817878648
65.64534831971426 6.373956929542402
64.08833486519453 3.951626156424981
58.87126660583467 81.26816254679957
22.845633579975054 20.801037728456308
83.56635153449405 41.0703426368576
33.06435877360968 28.722775159725757
54.436106390979454 42.16034018579311
83.25159641337504 41.97781838305302
18.904339306917883 92.48641922185767
24.54911146720701 61.106577613609836
60.92728183224768 48.21209798609459
76.40420119183152 22.437098304710567
45.0721445983794 99.64881593746532
43.698310691965084 75.71889048569088
29.67025029811786 32.38904645383898
86.28629217451781 52.215629562868095
55.04575460571529 24.324842302072767
73.03572811914164 96.5292875547512
68.59575143448204 82.55199346902276
78.69136780636067 73.2845817086181
47.64872898101407 88.24156660127349
80.0170463713128 39.26168327043668
54.692043797698716 5.892003112184618
96.56619694621756 66.35208949154875
77.26815404863505 56.310795062356945
98.8271423743681 49.7065088200734
88.67914717821776 43.65597956141121
29.18129625161817 60.30913561389132
14.858275236444229 29.749502125663028
56.52946295728897 63.701212617799726
99.44641099292579 9.555261139396332
73.21746953496668 30.193201199727305
58.33375206871582 58.45221730405732
20.630602191126602 25.969691188336874
74.86932411459875 60.2838239118646
7.484781822380815 17.89314611680699
55.93280247933933 94.0531993276119
16.38476466390123 67.28949847404985
83.93323864476628 73.62807565772249
48.48469987084143 51.899661054376836
96.26911486775191 26.856168230884602
71.46358706767039 87.14522494642698
88.03447765324913 77.9615874671483
72.41889435277685 48.44922943407137
17.470419991274923 93.35285903269906
36.07813415427847 52.591714955338475
32.93386699263121 3.0640762399469446
98.24128093580488 46.73987518610443
87.84513556052164 68.50028521167097
65.25024948707228 43.53708906532646
95.6450200626831 57.1160137513038
23.47175728366988 58.40142063366294
66.25769358352174 94.65727025562582
51.08264492888984 23.814520070467417
34.38460226121547 52.00500195674627
48.51275870045975 93.13069725579801
41.686415746217065 58.46307623456774
75.707356487172 31.23995440727494
88.16352186637528 3.3489817206199812
99.6316685490609 3.805406247157961
15.637258463040471 38.7648701338256
62.51655793681291 66.95908012003969
9.810533009254973 97.88288288302508
39.6747213847847 23.914054510007897
98.31754690338926 93.13048748739222
47.59540502724897 47.79809012148428
22.956417749577952 99.52558972885038
62.403786877741766 22.586501890213295
61.97473235975547 63.5683202040212
80.68264647138182 90.76189856250575
79.52787783587564 81.56246485924552
16.545712499691966 23.161321430105442
41.128906523525835 90.67439135133525
26.450707637651128 17.775303481314154
22.8389289216536 99.5295086189337
50.41484259585922 7.819783625048227
49.867699266270904 68.31724381455521
70.70110790369564 36.9491039577717
7.960767874802544 33.82179472663112
37.37322425755807 48.491012512225005
33.678347129391476 58.37224990975378
25.36472761124936 44.86894686704688
22.387518367168823 63.86744633790021
27.41723666463879 45.48626709464061
12.50999698886952 75.38035386287592
97.54165146315006 47.56727992946691
30.625578023766987 26.34716031539789
99.14741409591765 88.6797259332255
23.012342056784764 71.09944800958921
45.47304313254197 65.53963857409771
16.453698378485694 62.01690386638104
66.2569672821746 68.16616665557285
26.773318123316358 6.190723726744373
54.38836752251311 59.70943189138866
55.22433265016332 34.09480879722081
32.877377823595275 2.8735156389308125
43.49748135342516 23.236444264879474
1.3794664782781685 24.778333482040072
65.10522637706384 68.25506387193809
42.32917801982678 0.7273476245922783
48.02186728993141 30.409550513211247
4.281552269145128 56.78528679876429
24.95871142102971 61.74665438355015
54.02723905934293 99.85969651754839
34.09952295329409 80.55452164182417
26.910906246476884 34.86663386229611
43.0385357722637 58.20870630841885
53.179329538508604 6.246781957336289
88.63463750018758 56.26592548719018
24.51771443820936 87.81523387724522
6.26754675894734 31.056730528697084
39.42802929825688 80.9948136017384
7.829956866343657 57.65814683393089
53.91785127101485 92.80401696877311
21.716495377845924 78.88196932179295
29.023970291834743 13.330763663774137
6.291560827595677 12.755182685000289
18.114353068489265 12.155383592669489
87.82766706875555 93.11462959666608
7.181480455967693 29.301729273566867
18.301863507850523 7.628974143800383
40.17760043470285 73.49080641144991
1.6238791051112034 59.23112949571752
57.50340302011511 89.23748528215245
89.2499288307673 83.39726928070161
2.589015190485411 49.86576035828178
94.69518452346355 18.721723474557738
1.5836577994738144 89.1889674505227
43.179811955966066 95.14629617795465
50.52990981763573 25.88611379194834
92.75657649429048 28.834192436523654
17.787795976843302 16.106124323015525
94.79893492748185 76.42138522413869
66.1034730995905 83.62158061431096
50.89246672772805 67.96135289152527
82.10343335242645 34.95459830723053
46.187489887749834 59.00669062433048
39.103274360712724 18.36625212869738
81.39927776614975 84.23885954436352
95.16182489183966 42.441411756350725
17.50072054882986 49.98465626873008
88.25331053781255 24.925808494787425
59.051013370851244 53.35703538332371
76.89052042384063 18.368834953259995
84.1963249065347 53.423238095721835
79.38427728547339 11.199424280468751
98.58821070541455 80.15665351863464
4.774058511417656 28.33246841648982
45.14090973847912 5.33401102250195
62.35625408914656 51.753687211287144
88.83747369663753 8.929943818517716
22.406345785723047 6.042442984800445
10.956226454235818 11.47834254039255
94.31146782959277 94.65330803110199
95.96534291176631 10.656197746825502
74.92579947135563 76.21838608594105
1.7618153384669433 1.8526215764218645
50.623749351316235 27.434738252534384
23.349247546621086 31.569399268908384
54.721197062151916 68.16363500037656
26.44454887271336 18.01834089613612
70.28466839334453 53.132559119509736
66.85287411920211 70.18687722468519
53.73388545322604 29.77984028603441
16.65902652582195 38.01493311856496
5.133420344321249 10.434856571179385
61.02136394370235 5.613736292049209
46.1990169355626 21.524063920378623
32.27330934622334 60.88788170147046
67.86940159081668 44.56103020795127
41.22084888316701 6.075163122132244
78.5831073606882 9.052231365141495
