137
13.412548332453088 69.60095899444082
35.56827022775949 83.06412436799283
57.94895125238423 52.933758328020794
85.26924914494391 32.01655839900306
64.64219913339949 74.04569220575358
79.62636953036585 59.488746941029525
24.72419222055987 25.303401666130142
62.881606420761194 47.208810943149736
24.918208822530463 55.930410553238765
70.09864096574623 51.204828807265876
9.390673950082796 85.0645740003133
54.65134765571633 41.9598185413109
13.943528463104183 72.44393036144335
51.34735024801306 11.757929210075723
97.27638834645165 89.85334303445572
67.67732735717188 0.08600622926085988
54.295677182555494 93.77314610892553
61.718524138804774 62.13957559066196
62.159775411700444 86.93233066957278
21.32431140105082 23.679962934067778
49.35223988595148 50.67550864701582
83.14866544768307 44.456973998438876
62.67277562561727 79.41691617871855
0.6356041546562885 18.620510974608084
65.4278083015948 59.536090854778934
44.66279266274885 50.748375677969406
33.977655220505575 90.60985548723039
85.27555550271173 43.080379241054764
27.39943392417118 16.127681498410585
12.493633315384578 80.41450673960519
63.41762486537752 46.616225636616605
67.72427061236156 49.09891125725652
0.3347929350212664 52.712607090538924
14.19958749516752 47.015564443023464
96.04410516200726 74.6897933973851
34.16988724923819 75.9561147432952
18.09731397737209 98.6888902081701
65.09886103031818 81.61727212313068
97.95609310193173 9.802436868933606
86.84179176956316 34.60934464147394
40.90860049378442 81.6381038805107
53.55297142015532 55.54559679632624
49.71846047572418 88.10832361932697
34.27066882280905 72.25490907574388
68.56624022193613 11.351085110603787
48.16944880299102 48.97288218311603
1.0576900425776081 44.63671799182236
28.869251364411607 48.50765627098481
95.11519581700345 58.5104792995087
69.77011517480494 71.70937795331263
85.3137760478184 54.01776118085261
25.576779631998747 65.3916119033356
52.92541254707521 73.4449661911061
40.78811082140253 10.102798402744428
55.81657480742359 94.60204779741287
36.800602254832505 45.70054155554354
41.9711791595074 82.32211739361034
90.16367566809788 33.77570863620265
54.076368268326135 66.32103817177557
87.13521614869295 26.321123206507814
65.20076799605317 74.69362794575339
22.65157997888567 48.5261637518596
98.62376468571348 51.55824782422086
81.58010071491094 55.898818367883074
44.04254936611387 20.202778131091904
8.843396854312724 52.28052281568528
2.6044905623078374 20.33143626203454
77.45450111117805 7.554332462134439
85.03707280264557 83.64153685379917
17.272768551351014 5.65326451522703
1.7322629312713778 3.611430958636064
18.759856418547194 6.768219029712153
80.14885243282714 19.525391659671843
30.533658832057874 55.87679780956745
11.017871091232701 44.882768969506884
81.23202006419929 70.57160953987349
84.22196688552741 69.47993459800145
94.61787509313426 74.59536357599839
11.268068741272009 60.1542076959721
39.179913174447854 0.4946402425931029
83.48766734130719 23.71620011668706
11.842047727955007 65.22811794692393
81.66279253019087 83.25545907953962
35.74593903762062 40.91477123217603
39.71790092164517 90.0046784726815
13.7080550248044 34.09807051987171
89.4839591381805 97.36925234563569
36.41559127029412 82.45470484425437
18.976227330531124 33.24509406120758
75.59440341657036 73.55119157237631
14.618440109448215 20.04090543512749
39.845224387777634 52.466111868979816
72.01282243079876 89.82217982073482
19.302734931664933 59.14216746658022
96.87940126977519 6.050570439207792
73.84203671449303 76.7427586712786
92.59476498829943 99.0134838481824
5.104748165927031 86.44315556763442
69.70347398130295 60.61235856337854
46.217071626261955 35.889563475074326
90.41931745841872 31.120553917014725
55.01496202483693 35.63067719241255
94.94603078025403 4.214458085297523
31.105773849628083 42.069483134356304
42.51765270810236 76.07397818188545
9.248690540175952 1.5599232748979786
70.03364818180717 56.595164877488045
47.48009070637186 49.353538956700405
50.41560427704339 24.355530598792196
89.98395941185157 72.76684941193211
65.67106143050758 91.8435678741089
36.51678990593932 33.30617057834068
99.36982894105621 79.77815575901863
21.57215203067614 81.54174335453817
56.72246675722854 82.71889516765373
3.0469572350416696 18.532929275442676
78.58400248597187 80.17935118327104
44.16363702786206 26.45995490079851
55.63356197897927 97.10597356605992
62.415376803572364 43.7432759095409
89.56023799994193 36.233442399744355
2.8639460654875326 90.8892596409295
17.90422420244401 40.93727449962541
51.72127131784292 87.43926891068826
72.75606707447886 64.62805002930355
31.330943216682527 11.170170653938571
21.59430677663967 73.02890557749926
75.55915951167363 21.24293306094207
24.80555029648377 86.44320500716056
72.10229636642454 63.35649728585261
31.105436659067674 84.14503424534139
92.76502613847792 87.75245592729345
68.59123179294949 51.85734465183391
70.65161444401468 30.323407259642764
67.08565138821628 10.43241825254444
42.62182828149531 81.84768616866995
68.27775133548073 45.79943223051377
