166
42.95471437405878 98.31076520135679
21.720712396123186 19.92582919478023
58.143493868644526 18.198434103186646
46.69823659430576 98.46915056034953
23.514224982451527 83.34508176304153
65.18165252979384 85.1348590329389
45.96160098104225 44.02375501465563
81.38575510195092 75.40860699432676
10.710413369166405 91.38686513569799
50.40154761346594 88.53131788109071
59.09126231267019 37.47630365779946
68.17139328344983 30.86666996913636
5.757910610662376 50.604873721211916
43.389598592174714 79.25747018010142
41.42547094327524 15.766898513176109
46.491559400766505 33.837131087273
43.226126700062494 9.76616601006597
40.22707177137207 31.82838948571237
93.71159971818275 67.44912294199266
57.49640486274548 85.56891935909509
12.013350542572166 85.50514304173485
57.80217599011832 68.46303848942017
7.802474383833136 41.32578123929018
6.121659436058602 99.90258638721164
74.5861152556374 53.2651248127673
8.203783076953508 71.52893134177552
23.581919949912578 62.53146734917971
5.503703039736019 81.92620567389712
9.589531904023884 97.01617864941781
27.91343792368737 75.55610916957714
63.686644502835 73.13526029023394
61.831741826228445 63.473607028581114
99.31676219825903 70.62174900222374
23.796471577305134 10.809741367830073
8.848792112535008 89.44721044067145
71.36085021634277 80.83770882543065
92.84528389683378 37.77265109614567
90.14709027790853 93.08495318309498
48.02160077251426 20.56299084878296
71.84203765440508 53.663491856332776
86.88301895471139 30.410870432818136
66.32972325174674 58.296002857610496
9.08643709741862 83.1360581777544
84.95595901596923 36.16346714703914
85.44050712875364 80.32292914660401
14.49503708980393 39.919638821802394
73.43222959380483 26.578995693344897
66.95923611235563 59.28958030597773
68.95308161428625 58.93294987613472
31.591674863347187 7.639604654821641
76.650152062289 36.411650199475865
19.05663698158544 34.049155269747644
64.76964724638886 81.11062351419407
1.3367542411200417 20.60904295272551
92.21982905815234 15.188578663456276
84.04217003464105 42.570805798757604
10.65395310316124 12.981101986220622
33.038037822130065 24.95348067704084
74.71873936385289 6.249174052100237
52.70412351023849 26.54524176605797
83.44621864635641 28.82701487850079
82.42544361390448 26.6041209301769
63.74753412557469 31.123774695332674
27.813260208846412 45.55652007704061
83.66742016283841 64.07497682202563
80.82676033283367 53.25952139475045
54.933589193913555 59.2163423533826
20.244283143518782 69.80529439639795
31.61848497058607 78.74089849830294
90.0465077673244 93.97234920694996
26.61667911255986 74.45137218055856
53.190823600562986 84.53633464763102
10.645551458209034 6.742083580782321
91.95751048503227 98.76297570593754
82.39720719860078 92.06327448981135
12.529126907320354 22.85784245224586
82.53733809402544 73.74498616687465
79.4931836115954 70.45619208723676
57.116520086790366 63.07886036101661
64.66459655220036 39.293581274445685
7.833449087287503 86.149722848985
87.58411154945556 30.168760765160208
51.84538978866882 34.83549325711799
71.70258752838198 93.15463398788593
19.67201177415219 86.60476454458788
69.36237925316645 43.88089677481168
18.886695786085717 52.91012266601847
66.19721560343986 51.38277987742078
88.33171800787865 86.61007102959114
99.78521459255258 83.82478689871584
55.2468845444269 49.56756876819687
22.062635978264154 20.405604578312442
21.80112472732515 10.841171029478524
61.11747707357781 64.98933310875319
52.42503338562889 6.0171321938011335
74.3900320061327 29.76279030797816
85.58326720605339 88.17856541040969
93.45168066032443 62.01987469188812
92.70966169361068 6.2799219367616015
91.30616244224696 0.27171110053852976
74.16791670319371 14.869681883372444
40.996965443363095 62.67634194750206
16.67300139379545 24.39440608154102
67.94916184908301 45.773613555663275
94.59511755181033 96.04863254826147
37.85558127894817 63.386156402649895
21.60809404842 8.242548721193687
10.291443802127787 98.04114591883148
66.2456425440047 99.36809776469084
10.880393715500059 85.16849623522192
19.390851440862768 48.90399476602679
99.33036945373618 20.494389379697907
14.93178021108088 38.71057807382653
58.11891784588546 16.585255082150972
66.22517446231377 45.30920180185287
37.8370510894209 26.808295547282135
94.5540641833203 30.85553652642806
28.99954069429289 85.37161101306222
32.29047375869195 15.600508988738227
88.47595593207362 8.91578314446807
93.55045111706617 64.47553776644767
3.875536418655501 13.885156917956342
94.57484151703493 70.52575945939084
70.64538065026208 31.481565553602596
13.290812731804525 57.64728089068397
92.52276166799513 2.6500095370016297
1.5214194851861151 70.41944515922648
76.40265130063982 86.62113321961795
53.750384793719384 0.5826795417204655
87.43562527593049 80.80220352074714
39.70200904305224 43.27774959572051
21.29638244403119 19.775348909051328
49.38186603844977 15.257922948263047
88.91402346961004 26.133165632827893
92.84154121115614 24.111561107690495
17.01913399749646 71.14047207737497
88.13423316717852 49.29057462977558
20.734666231319345 94.21869270735748
10.121699253630002 81.69670022378891
6.719271309848629 69.12586895468856
7.022257357442296 60.09302843780298
45.96926871575794 91.3192309083413
44.099772493874255 31.629536487776832
60.72596331845731 56.80099134055834
95.32996344302072 20.542849380025796
32.56455177132154 47.376410695110685
78.53810888798925 3.1032729615785515
56.62897585573033 61.6798548312085
84.7439738030591 34.97546777873147
58.66831072187302 92.8516089363095
57.400169781997135 27.345239374349372
28.991190531638278 4.214616830849483
59.330205796076655 2.5188239358360898
15.987528276106211 85.45544657849258
16.39448695594975 51.1730218825374
49.84774397160715 47.40418990372566
8.81428019901238 94.55894613331104
53.63970309857537 1.218717389013435
42.02097573803879 18.720699749375992
13.744676402314482 94.1845789193478
21.345250610555656 25.64541249188045
35.49042657578987 7.797142515468247
41.9584071511672 59.495207373297944
30.498330851311938 25.66479254464078
51.76755566329977 8.523501870160576
78.4061923644346 99.19217199044441
