131
93.04283507796373 83.83010459482463
91.99009360196634 84.74892980125249
39.74791361081699 33.85555690878617
62.06646690665048 10.313215071339387
49.21702236709192 21.751255067546317
24.568196779720573 72.09440152128388
74.8670292705801 80.33078288148721
39.97941054422242 98.76916887208733
63.18898259338299 29.47338155347238
40.63927375351304 44.52020113068244
84.94817612216093 83.74222617512564
69.37422412964713 84.18461619683134
92.03863999316177 5.089613518215296
42.07157317390634 65.18403219937535
11.000806359935588 78.76359592521673
42.90512038773006 93.21852313866131
2.1499071167985884 65.58598470402718
18.70893852524903 18.36028238293511
55.172661635966136 81.87068351794751
15.777708661055524 91.96330606693037
6.074259949961746 83.27989882941186
80.34503150932804 46.96036175233051
87.23538215501067 4.14779801773324
97.02411784085803 89.67269750395872
51.181735194892454 75.69336207090257
97.68012253750268 43.38322086717462
16.1802902423983 99.22861160316364
41.501653068393715 67.14817477360327
86.838819347103 42.72021993869593
33.066099723798494 11.225984039812943
34.150526438663995 39.05175352273928
16.470765121202056 81.35525739357298
49.487498231344674 84.43528826179966
70.63035273149335 1.5124866425063277
7.236151336720209 59.20437923747494
72.1059106594168 4.4794659096882405
24.807816839583417 90.82416096415811
92.03242985944378 99.6757221748331
47.825380748581956 26.90953254982117
31.68636338907612 32.50167907212243
17.29405147782881 46.23968335992146
4.042787714791984 3.708624431540408
11.457900589883819 19.79013288122178
62.94053903674467 6.296608552216155
43.349773861049 6.533181089014839
0.33957209752086825 78.67388637818745
80.90399696880294 74.51828373945465
7.8342642617764575 93.56044526633042
31.335802098960862 93.88468753346716
40.01501210825782 64.00843532603116
33.84128133417963 2.951294699697582
11.162452703069414 48.11127740198654
90.55552453997129 71.75629868233763
92.02861564315027 54.0665147390906
87.04692379221781 11.867394010392607
59.88768912178964 70.89771609294488
20.61738168590781 7.135696675619741
8.78688465607247 15.416295976238015
33.56690353418711 46.15001416245301
82.19086662606621 97.17047815919526
60.531542188856655 48.21021433502386
4.068189047521065 25.262251116553426
89.51400770575883 6.625813617850396
92.28253908412378 77.53462745190998
85.69485778569876 70.04215793910664
19.7883248166456 51.78491951271786
94.85590099300553 94.21127064664907
48.92902554022255 22.545008187160633
30.826969795215042 72.84067741368955
99.90601304956206 6.902131599934236
55.086090584193606 30.2393957333974
17.233382952233633 28.924220660125798
62.62664558918022 71.97701078482802
33.65731103229572 16.948903874191746
77.90171755478828 19.950672595806797
99.1167459938628 84.2896019981903
17.3176016457224 27.051282751729932
68.51047792360774 94.75397198065903
37.44681436810829 58.071323844977265
73.78790981663462 5.226434885577924
47.21750353599792 4.045520740704367
60.59456527843239 51.69623704818429
9.486435804481918 26.42146739381257
58.49632165090149 54.5321773924445
15.88666458212643 4.443252368160355
63.968543777731824 89.92454817263192
26.59185852399223 81.76593362300194
84.55941472020395 56.73919121114105
25.021559868136745 44.722162210616645
42.02621462940924 53.08564689315715
29.531122001370036 90.07412972607627
75.06318021291317 17.43788251084085
50.329707715783826 59.79715064747939
39.09614377034107 39.949788860518765
10.475766706593593 4.62864562967461
60.108943157418715 77.44056585607844
20.305210354001336 75.21935980440315
65.79590067595835 34.79954731178998
33.05235927524749 9.191982050392944
62.44759356772881 2.087726930741818
82.49813435556821 98.06566184640334
88.55121469322545 73.8488418063393
97.3124288541018 63.35531192467211
82.37123665656098 33.04865123539543
20.450847623686062 84.88923257832937
82.8826794607048 43.23472513665775
88.36607945854176 19.495312998815486
71.07308241633946 82.26686472112914
71.18532842238496 25.506331279208826
80.7663685026182 36.97904402545505
21.326531184912902 0.27762743376014143
35.39454001530046 27.523881897822754
44.06634536306533 3.965634304769261
28.701812561736585 22.17562990349854
92.65340551794485 5.610686784231945
5.0631478847497196 67.09119828526934
42.59853892271056 50.82305598602672
68.67909156983576 14.35327335360348
40.51792815536278 8.227847033296577
52.577770601766304 71.65386210672699
85.30152928154878 91.07988905971062
56.21668658882237 26.507858953800923
84.79625895839601 95.53110704321418
62.04252040237526 71.5504922594215
56.1794999924401 25.84335792702551
88.39102525561904 82.94707786991188
56.70527735943243 98.05743202294764
19.37213074559737 31.404523833633412
4.386470258499542 24.44808206748058
96.04009370665176 59.79707901457143
74.56575199150187 91.80504631341674
