108
26.3136193987522 98.5622354123886
82.05248269884794 55.79803878881717
27.641573749728565 53.573842794418866
52.05173916420871 30.962532473522142
74.55399120196856 33.19891385522199
16.853228915739905 25.217470631328855
80.02346059299768 82.17267939092797
35.5723394047301 96.38419088760453
87.51382293275314 70.36120665044358
69.29672263938771 15.070407158168141
61.381041185577836 83.8763364352228
37.5753505808454 87.01177444927349
53.256268602074286 6.693238976519956
23.37539664562003 55.60243091818272
37.77822363340753 32.62929369565318
89.19624217839392 58.05202958230596
35.14029337224457 17.695812189271642
40.27783593175237 7.768207560689888
2.7301536863475584 65.90097709641697
95.45283960460624 92.94735473103651
69.42979250741459 2.411897298014676
7.614466595774061 11.881793914975736
71.94181236144018 7.7367073743165315
31.59538147311195 18.450899365808105
93.94526402802744 52.60370514124383
63.828315330889595 14.778252047192375
36.7693506828916 74.10599524585142
68.48659843503123 75.65645258516619
1.8408322884491457 8.087223681457878
28.06342557463687 46.388676195505
70.35976947253243 47.02899539473702
77.9832595955089 77.62799765417911
86.04434455409223 48.93534725819614
42.11999034267671 44.02111160932449
39.43309726093533 7.296323437732443
14.40314474193396 66.86353812965132
72.00059411767874 68.78088543619721
68.53175572338888 2.1106418858585996
80.95041269139037 62.71784974840177
51.19156818954511 16.417468236656518
20.59300111977188 59.838822068111696
53.81466044899137 45.43346020229833
1.2100888125848086 56.66247801845543
95.21255350645977 65.50269246928066
64.76374048232493 42.368722507793535
91.30554096552447 50.31596258135074
93.81105320891966 73.71580524347608
29.019199716863575 74.72266017725083
60.59862752191728 42.68925851483728
16.400540642889993 91.31572087008482
88.10775109696763 90.60393956505531
20.460863867713176 53.84632056972896
45.11128066804817 26.773346064639735
5.0652933864354655 21.95443474034786
26.028843916355036 32.33578606069065
88.54667283866118 3.614766536335401
97.67424713333033 4.167057072979707
1.5962465155952232 94.53888991552861
31.237198989481886 91.87175333822529
88.6885797926047 36.65224147125087
0.37138972580749163 22.20591469281966
89.51115653328544 46.92097279960049
30.17151808766927 15.189891009462041
0.7073488077616985 1.8721614470279757
62.39296135993813 89.50498483823205
24.572627144432534 6.6593970039926065
12.022126591176875 69.8722330485229
14.889337004270542 87.122105329724
41.400199482127434 35.034391779769955
86.65041871562016 44.61654391214388
1.0290323127169154 34.027668013924064
61.66391735295156 80.9858708934018
66.42455677048409 92.88705504226317
34.40898979693371 40.97228097540143
5.3804553390817915 8.448445546214211
81.17910974306267 42.351179170199856
63.50210040861456 71.73037155821285
61.286073899092194 25.83737252653894
19.52237902836377 2.177828098166079
20.043691119272133 12.166491784537016
22.47390131368864 17.26858106308107
32.10332743829143 77.58749592114407
40.71018097659115 56.36743649790938
27.311740730835098 99.3611902848446
94.86697970454985 53.096655320066866
43.13052092464646 53.45257772041963
11.08878727683199 95.54417561847241
19.569588290406948 30.66498687577748
60.86409621629457 15.618725561213154
92.78341624587628 70.1518569956294
22.086897398288773 63.834015559845426
14.818450544236772 5.387185937742123
17.349053300985208 74.41790041425573
22.149039295351347 2.4284214327629727
62.08750552360066 42.99118465704731
94.33406144814366 50.97126276535286
84.26989384900065 91.30971763479795
60.789205873430454 85.96688872122726
91.74414901903589 84.5800015380593
0.7907042314615809 68.05986565205713
54.25693123824068 44.22818356803654
52.817289123425624 15.408626198779052
76.92002977804768 22.698815671919313
97.11155801330425 56.87203020199443
57.33161018200534 91.46772396986547
31.229410191185703 62.343465842829126
67.02213734758496 18.24748202790991
53.80388154496318 46.29681892987726
