189
80.23311058872167 78.03217931717647
42.926202586063155 76.53711162984197
90.61372665442691 73.88375877612879
90.96005394243184 31.96470847983396
27.774877660783602 99.28206927220296
46.35153450565923 8.083008563264604
99.11935717230584 7.609746019677077
77.86240269804703 31.787820700803138
38.942762365439684 18.83849446598802
13.764344732439815 86.05051424264072
50.20363570432805 21.92885489522981
76.15750706486276 29.00354083142759
1.981498810028881 87.66115712346976
7.09779624152781 28.088207698965086
27.603058607178898 38.56515462384432
24.665998442733216 84.49850940402945
19.967028097863626 88.56772684327932
53.1135620378021 5.820916067257964
96.91992430905105 21.907400683083157
64.39611363986735 38.752206451381774
87.91970985705218 31.167314085937512
96.50491438918213 87.74390607671909
34.7426906344361 32.425191885602736
71.2577981963716 3.332937716745088
56.5886769380906 86.38811744998537
60.89976319874276 26.655876905295084
61.83420126408693 15.347262041570342
27.584687534200892 34.61291288085715
42.68348742088165 19.60091782671678
75.65051382520521 49.342408362665225
79.04138272401369 53.49521396490095
82.68869292650375 11.398363087644825
23.084908101535383 41.31601535354661
50.70406202205916 74.20206405987645
95.10377294190272 91.4798546681282
17.002694789748496 35.177542547884286
26.035415894450033 78.80094151114412
96.63449846489087 91.13785570971146
62.00537059530789 47.7172123487116
48.731118591644815 11.784811699071396
93.90702053438524 59.54431842225595
55.17262377147601 22.569826972007633
74.24825662806848 45.459685572987595
96.09750166782308 52.95461218393647
58.91396992529211 70.4168634133013
89.19279442367983 80.59169844072682
25.657558817048 6.228072494063275
56.459379670823736 36.778218691224176
5.135791072421936 99.85929816767751
26.138208617383697 2.144475638388288
80.76416186270497 71.31760734342191
79.7454401693894 71.43169726377052
9.074686506297592 5.305645496804234
90.40727018816516 10.214482107279254
64.54309159197926 50.06137542953656
0.6375181462250024 70.44594527428919
47.16034127305225 11.582795776423326
3.949129823618669 48.828084471619405
55.15716871970599 81.53067123118196
73.34724647983077 36.466824289335996
78.10136506638827 58.09028758806819
16.259501847253354 96.73545544367846
55.25599427993975 98.64352467912778
56.24601019407085 52.96966278129124
1.9872659267452297 74.88381163002254
1.591948286389444 81.74710916751718
45.849175628106664 96.11585983396076
41.349142579299055 62.232962429391705
51.53261506435487 52.79785998133405
87.94304316026249 87.99102247065188
29.65787383252908 97.66267630104458
2.9896635129951665 11.96956072079578
93.10358181666982 22.03174130593235
50.3695619919021 75.38532130493729
57.48794390258796 18.282681480976137
92.72665749577196 9.378082116288455
79.49850864804758 82.40181313562172
53.11549935943386 15.368596536117163
86.59250447881836 95.92553264339207
55.1559538927595 74.10815080606451
43.339473346891765 37.67187499341588
92.49411612909213 60.30387799468875
3.6684300584362672 33.26656400650441
21.38543402419295 38.93011661643456
67.51491728650882 17.018828674968166
26.47846783498108 27.940461242788405
95.65988771321882 19.684878869763278
62.85331351715833 33.7275640294253
27.88387841825182 77.4016490186216
89.24267564585874 84.31852866664555
30.70620383501317 72.82353745090853
39.4924956547532 76.63855502993093
95.65866404942014 33.9907144197406
93.14768462084623 69.0832231669275
85.47085216295176 60.28452844737484
76.41358500762485 65.65661569464673
86.45057380451264 43.489808901602714
12.198057675383989 65.173269542588
38.151172943031895 73.93257420140003
47.258513606417054 43.66026558497765
9.571537892301297 23.272251213352245
19.192028097028025 29.35273315893736
4.714911928024767 62.34449865522209
13.617397271204922 97.52804998712709
67.97099749110751 15.688050904200834
53.43749487020247 64.28394033784969
46.543435603166515 83.56917385330426
40.877608876006 49.12931057039389
78.2427595230498 97.90432214727178
5.619377031922612 5.216431255279219
99.79460581760252 58.709050928122764
42.96819499584736 46.594670101283484
69.71047724902999 24.060148413696115
71.83103982369174 96.97876091858805
39.46057871575673 53.61579537658536
67.90135144235343 61.520247163012975
93.39754204948191 80.60767102983641
43.10314358517723 62.80954793673309
91.63748292406909 38.18237784553959
54.917485338073014 79.55500893074367
25.027336642661947 35.95127055663322
55.315519789299685 11.983505541712347
26.346503949915935 30.96673821660182
48.01749568660397 5.6566678154105094
84.75357884600572 97.16119327719466
82.04836570483734 76.06112941910861
74.57896997101015 32.236029743717886
14.271756140560232 5.972491952989866
58.15166323803111 68.27207671277307
9.966544487090168 22.58034010049532
21.53124983599809 60.60619152634923
35.18180686198924 62.76017373972786
33.252110271064225 86.64929431255143
50.02434465437411 11.552372759449437
81.17622022203344 63.8218713058672
45.93336414458686 14.60138125796414
2.0944688246998244 50.79767377246185
9.460525898515048 57.55761980703341
47.745885831784676 76.48665423500414
49.10783034852852 88.58707167668541
87.20523356711868 31.369848193940154
33.211545341879756 68.49220759854835
29.762809389188604 94.41331958410272
29.192731969012307 61.968712080695454
39.689048483225996 9.138420571726124
48.71724524491915 59.60207591381903
11.034097423553158 52.424635422878566
44.39535883369378 34.2505757475454
51.13231450625372 3.4784453421824346
91.81245298154202 42.770743219399556
63.45627507960053 84.05839807013541
61.08959220428147 19.304878451554686
84.70549813478928 97.72365284690532
4.196100749539822 32.80011710505577
50.34723174519726 17.13312809352828
65.60752416435277 37.66297056706542
30.579095547804403 30.634960629140085
8.586715820966418 16.46180100337312
12.021218170631254 44.4451706933791
88.02048083951985 99.9131425495872
25.536544829895846 18.412321165134713
97.6116589024756 34.92817855226447
76.9507316294515 41.64068251864612
82.5047255837546 0.8599994214150808
8.075692210812747 61.44049970667788
24.738074096105212 87.15298182347688
29.12581650838716 36.319104209114826
19.44432436404534 81.48745413501159
42.17008023959157 35.0442098551108
87.63036168931245 3.7169822565797817
72.43744120122155 63.54212237805871
28.94574760585652 68.17364171819636
60.1247626371338 33.30713765382492
26.539764154923706 44.79352262236686
2.97349873697923 70.67472965010101
47.213871160773444 7.883076229284491
24.636589841826297 73.6833159560733
35.515298981317414 8.926698647237242
48.03292241871016 36.567737613713405
22.49117615752645 18.007994552344954
82.48002358152088 61.18772300844088
93.14629308699422 97.88488835054319
9.153684829183284 61.511986964813005
31.096089462886933 27.935898347098288
83.86970720200748 84.72017973726157
5.531964254967603 79.20203397153004
32.406587588644534 9.392960511979787
60.24567782899274 64.82031912502121
67.43756905464453 96.50642488147153
