113
84.88912571971734 12.131090560987035
58.77426595273334 5.038851944257516
90.64266681986517 78.80075443974225
0.7576525154233904 36.31958485251033
89.22959002872186 31.47133297871748
52.44049945695936 54.2989896235685
51.212982388751115 58.51076062676381
60.79153692357646 73.54555206082256
83.39758340661369 23.153480075395372
35.226748335856286 35.80245644583899
7.477499177586933 72.06018287510341
79.17869134316614 11.149911615032892
14.934605857699513 89.56844097584276
59.6747647888528 25.086205740592305
63.57314385775547 20.648946153274327
43.08470499474624 58.21696595814828
40.956786516294244 78.1778539423745
73.94134824652035 69.49868228503999
57.924140394910225 6.723218123795727
19.804796863929752 38.40324254467434
79.52199620186146 81.59317157141165
7.541950720474655 83.23804427089041
10.50337080539342 79.80792346451955
33.60257331584876 64.57746842366163
33.720375865132354 26.322249502189543
43.8332110764447 29.27061560888955
49.41934165883185 97.94696437739988
9.796151554614163 60.56187970749893
22.36885605182415 35.680581032363236
7.46148205110474 3.0707067569912705
21.910843388031076 29.911268784357336
28.70547277554096 31.11471454324097
21.9458694933083 96.62791037898081
95.38855689317575 13.874058047643667
66.26424098339439 56.37260987156725
70.30992601462039 78.09078860713629
75.81749004255788 72.15647765689877
66.17461269913272 60.27621304930398
64.01902153239766 91.87056429295541
93.69415932743696 77.1129954384659
52.833948870045965 24.782024501315327
38.51698044943244 1.255982082089202
66.0367490059935 14.849028154833189
94.41918537183147 51.44876820489351
28.863977824426357 40.78506265794479
46.21343349686621 90.433060969752
12.584903145644521 53.949310476368474
53.518520568004725 27.132274520058775
5.991810960734256 27.925031447582725
0.009223106073230625 65.57916194251924
33.44722295823943 71.6465231499949
16.43528324046305 41.27449608325045
72.43843061124892 23.542007529437925
64.8779311756075 68.07409745539819
47.654031029065294 44.67278728672343
43.383143588555505 5.877062188949678
3.3744265616431512 87.56207374259726
89.99438319186622 2.7234994253873546
54.69726563743079 99.56883420648121
96.50040421383022 25.768244676638275
65.48957392086616 87.97473782772877
11.30723369337716 61.57843497150355
95.65729547691474 75.18091962072309
54.77446345200047 5.220811914469725
18.00228682604148 18.05963688529344
28.726700231367985 42.7086304335885
15.47220337091726 17.993909167511866
52.53631588739361 94.68357497563363
30.203878172558706 50.89147052343874
80.5313938632122 28.71489376124343
36.788366541218956 94.6026468553188
97.67421518287544 52.47316964441217
22.543514124429322 10.594303406807281
96.71512238913934 72.4254844106698
60.104743067977616 60.34255183489038
72.89538263849248 52.81333488632684
17.126478852115735 58.877337312439934
12.707004691859602 48.61350582336058
98.7095689314472 47.910131231637465
35.25506419354609 3.096953098115085
13.047723203989614 15.382011412790252
40.77907424452625 45.36800228485867
28.070566355477855 60.75933302248766
60.38316310174917 10.806674761436398
81.33611945226382 81.7652067236524
72.16959331029818 37.79916906201899
22.60880062121292 58.01128867138797
9.45525233522131 96.16573915324513
22.865184040957086 13.444438907761725
36.61366498076529 3.874099606338255
33.38970944466537 84.42880384303756
85.74451453908894 1.8967608398248292
89.0569400080911 11.922561394282837
22.47867200732849 4.211368965007711
58.731811380770594 34.55486628526296
21.166551100290054 71.15245032208199
13.719340423757153 30.536212999242252
98.41731055971226 22.118899217718724
71.2713923639844 34.067998636481164
21.813104643667703 63.74096901443973
30.605233557697463 78.93906202094834
22.19433085543392 12.547205478224166
24.057144406549615 48.62152986092093
14.96362467439728 12.999076660703423
54.6966882876574 17.469578646748353
41.7812983032672 55.618205203771055
23.050227587842166 27.478709817496892
32.1333193776698 1.375586345550428
35.0332366923236 9.56171314333586
59.7990375897821 92.65495464927113
62.416183195639675 51.57981922585614
33.97263455907007 4.105374835448461
7.060652577163462 61.35976991556503
