117
22.131573206114464 54.55776215329885
86.55458187158864 64.380593716711
35.76830773594752 26.8453493602519
90.11092721887202 85.63185935869024
86.87933704541135 79.19979456267355
88.11582621959504 17.413288659760884
4.047226402386039 6.824540471592466
67.79619040729091 76.78411541735628
53.439884173038024 95.40968331917729
18.10351314238713 59.283453179926774
48.53058100643507 18.387960048794294
56.86915297536251 79.59579098147603
72.96349667608602 1.2493920977390771
1.0382520390493033 34.83033024654812
77.97046315988932 91.4808621365957
85.9317361203459 99.63135518366137
37.08355823243562 16.799525270287596
51.320043801252716 73.1421772479987
12.24789295083174 19.69947295496388
82.62408395808794 7.082297284213834
8.86292894933316 62.80247077349158
78.79537816262473 23.40749177011284
62.65662056039608 53.949358684863014
49.15807971328071 12.384895081841163
21.83699354740144 1.615299947111637
8.43011112053027 40.10400854728713
27.132962663251746 7.111602185404342
0.31693533413158503 20.072273880610837
46.59909509808804 0.9674432217821272
5.705825796336239 77.67432165776047
43.39678778252789 75.96244176209444
62.282295048383894 54.07111442053856
95.10060161566251 75.42239730434297
54.362218228217564 92.62898961103659
65.83459165751631 10.587957082800026
58.73923003559578 28.51196294983812
41.066945759225085 64.86688366043785
26.38015048338239 93.6737367941357
48.0067603762934 72.57071652064077
27.73198019342654 94.38663044206487
29.22095955891999 15.77918622353457
61.229416999870146 0.7145637338408228
56.89847759490645 55.42427529481987
77.75706172385132 87.33474582944461
73.11891364355841 44.41828215966785
18.555067329992113 11.743089259991136
5.9020243649860475 17.645637418732896
33.13451438728301 26.22201610643754
79.91094116337094 14.718047517686262
31.045891590633346 0.5486191430162157
3.618832546464912 52.60427250385261
58.12305797995533 49.06527844517926
49.10300878113104 61.85461573825075
13.350676611859601 76.07314140326197
43.1357631488553 84.0162173504257
71.98031108904348 57.32688455083876
46.27647260597285 16.38352481549399
73.91661686484105 2.789507774119737
56.831573649259724 13.928090005885219
41.38282706216283 33.43688487711163
69.56370348563532 52.32006042792299
40.08280935615428 57.273779005680694
37.05311849284415 30.17881824014288
81.03726143459483 39.991233064581266
34.07620205982411 34.412820801306495
20.10308401991061 10.40055899782104
84.7617313509898 46.32719055850679
78.39117930039683 86.97625779153142
5.608841739580539 24.77588178026093
50.699428985996896 93.35751939964524
78.35506018981965 1.4143961853508968
46.30981195580554 13.656397936786579
90.08798706974993 92.77375249416569
24.227700894499073 31.378336612552925
92.47439688102524 92.51971099943842
54.22575373594093 79.09011010166415
8.022439216667154 37.20023313289202
21.649658325256304 40.95310874880447
22.271393462907398 46.3780120023524
25.898999901613195 21.347086749604884
6.496568673974967 38.83143908200638
34.05133617750633 72.01125513692168
75.46193974224977 16.52166599793746
23.453709679533162 30.40563395153678
51.25543649788338 35.17502294342193
95.22403129890344 62.90957505941389
48.823155136539974 14.739943147767443
88.52792197680745 32.34280858792532
93.08566264747245 63.1073001042326
53.13840979348259 30.113399910799565
5.96078743231121 19.54875255229409
38.26985417990021 87.6980537275188
52.2339593707279 44.279223580492136
16.13310513884486 2.843064163484199
88.08647548524428 27.445039321238852
51.20307339149595 78.10748831010133
44.11463361897189 68.76018158069849
98.95940651425057 27.472172510046676
48.14312648480363 91.12785461309963
21.03375312440341 17.960921916099736
4.9284109348456395 36.3181008239286
54.17043485948585 29.256123860614792
94.79857185713828 47.72601346949301
80.7321277006029 1.2437374564619241
62.10058611431791 65.50962637848558
5.965274580394819 7.422687831468256
22.097127615456934 44.786209464858594
77.26472441371955 85.77642314357196
75.76217432752725 13.931659755959469
87.54100078185664 70.27857233952598
52.07615187679273 19.65116416603645
13.657917953746168 60.61942512270525
18.321442587038405 2.899645327678857
95.99417823612235 72.37614878115566
76.49441872859161 55.48788071642211
57.834085785249954 73.11555539430351
75.09956967215194 6.74379245743022
