134
15.698134329114765 43.66670716703507
63.17912954494068 92.86314271188157
17.22649218317709 83.66447980945057
69.93302071918231 85.22783654072626
83.24287905310089 23.960034595132374
9.526412244033045 86.28852708422394
43.32274552095768 76.38107475141337
64.40631833858137 70.98709466776627
76.49430019481925 42.42946388504771
27.65986455336372 67.7163900373703
94.2319957838821 11.759711734973033
91.44787295200138 63.993227912419655
25.310790282925122 91.64603246450129
73.76154162614232 30.886013101547118
54.20385942699221 37.135240671120826
1.5589168601530035 85.06004887607878
60.625087249402476 46.00359427223035
61.60344870490345 38.98806791710624
46.01157182179081 35.54808965661568
96.33795175207793 98.28562105701307
0.3824774081546023 39.1292095322756
61.608684660920254 36.91623697483452
23.20570365692164 84.4102312382362
42.56719208265475 81.02585163354959
62.14907529571927 71.08948745495132
60.77477481835392 94.02851623555306
63.95164757574449 72.30995419059688
48.37983756796012 17.2662304974461
95.88585120619166 41.7419477416475
80.69864182429029 23.823220486761276
18.825615866579238 34.04277709002973
0.7452514726007831 80.37040070088375
72.57875999118087 67.53349385524747
8.640367330737487 63.54811492190813
11.889883425999281 19.410881455040485
57.10051463739303 8.22759287366731
31.8320736148366 72.49999002161553
55.23007712526573 44.42170016236409
83.53983381506137 95.7956770120649
17.43557290663339 65.91716700372862
37.724461263290635 38.512230430061024
80.53852015491069 58.97103204553479
36.98538891773071 89.1551439340916
97.89343411696532 47.03453651711504
86.24991296977485 53.503692922462434
86.85609043571829 81.67156461615734
92.72696620812869 94.19107494832637
67.22782263641592 41.53926066827338
83.87103410967111 44.965282356847624
96.70822513870209 44.07392149958685
62.01107658104468 91.07541793977941
33.156318454914825 27.99673271924408
45.71940095100353 34.873161218747285
60.50864708381491 66.68464877570864
18.858658146011454 30.41566021285911
38.28751657810784 23.83979989067413
72.76433642880808 7.861452259411827
44.11299525098021 84.04459170712826
69.66803984970902 80.44641652583371
1.6255242531320824 40.04260128726463
22.382510001403954 73.59680270985884
91.890867841382 86.23040329761628
71.42937160596865 21.69712696634718
37.11314225295224 15.197215339671633
20.554390749994344 12.99413749395939
19.398931174224245 68.9160294609166
53.79334304394994 90.89570212128133
43.59337150420563 66.74156251896083
18.24781815652765 8.73438476696461
14.928452565391638 61.66243073783474
99.07574020248455 54.33367291664807
79.45450835113373 46.24700948388909
11.133851226772029 1.3543618494671117
71.43522296066371 16.64246042484432
94.74761870975068 58.347193671204586
88.07991006957508 51.611373033239474
61.08660351658678 63.26064114062729
35.71235393207974 86.64566296824643
92.0023268825114 67.52909972237525
45.43165832475326 93.4846002190267
3.5585426370988937 22.035717383520538
77.36547768317602 17.399842752044382
55.68351540655213 12.044171461202858
3.809481441528062 1.792960501172569
49.36267751211815 28.512365428509657
17.93632770309491 65.81496067207921
74.26593346526047 6.026067290828663
73.64612064732611 11.159259158939927
30.823873042613524 91.28980798702206
56.08273853934266 63.215567138746266
17.348987834713768 90.18944170140618
1.570764323949625 17.673107651545184
41.906884647875366 25.132471305021976
65.99303145152663 79.83925407427526
24.779097670058814 62.417135192603666
2.5831027787910243 51.43050060353222
1.7998176936205756 93.21363795974374
16.476350269240182 84.17899821485607
71.00803747395491 2.187714527459894
82.22123360676605 13.5596034379171
13.976658646630003 67.19736255457458
69.54968085888986 35.456562993212245
44.74181779786884 80.16148894011585
60.844297174580085 6.7465889900955585
37.67689126074231 48.09290732136634
44.16845428541546 18.365952884855897
10.685908628602059 32.72396996705734
32.98721527978083 34.055068540563546
3.3429014482142527 62.06890734880391
2.1943992322763783 74.57523489509738
68.55742136906348 52.174636175294765
71.74897181724738 81.86091381899368
43.6567972105009 69.64426337412911
54.8456188219522 13.227485243672366
79.88779109379607 74.88720691966304
43.386719968373036 88.12746852365154
58.45698080416687 99.76279614507033
89.66877117877814 29.948605777078964
32.794490214218754 44.089398107025346
61.46343594923789 49.174417925261594
86.17022503505297 2.116758985400613
62.047464935580756 28.805620113228724
21.745945706031776 15.98614833779749
63.06369277330983 42.39616870856374
34.64683993842759 43.449313432498386
81.2084352779339 55.01723758821571
17.909324938794146 59.33887511298791
68.8517330142151 27.601388000356806
84.35913878205609 54.87040712037342
24.004349650912282 51.02555816985775
0.3459510598758819 84.10917791993366
80.00384162121969 33.395135236817694
82.8206016262542 50.35562768118788
35.92856617066852 28.707176670939972
