133
56.61607762814948 21.492855308025018
98.2254327088917 8.450743943450457
93.50470545075606 77.12056436425723
48.94412600795288 64.37386670656707
17.88097122175615 24.965180636071317
85.38298462824523 19.026362023023346
76.6844316230158 98.78943358670001
26.330989061586173 42.01327689632672
85.13513180663985 69.52701291588275
24.842092132249462 73.0209306194809
38.13745216529137 42.6565933757858
90.94225191475932 23.779547185762606
46.29690019627182 73.60610276904647
1.3165566822773256 43.317525459973574
99.06404191715147 82.6144417909192
87.48568909729131 88.44700208907342
96.98850514268251 98.44725393272866
70.97100590385611 28.249277259315143
11.980765927547033 98.70013267948704
43.86023030897231 34.719199588165694
14.359120838264339 68.73875395495811
34.32839203617428 61.696602368042505
11.715873281619904 59.51346389962795
14.826721359242578 67.85258210288218
79.54339204751506 23.10178077359809
22.85401882568845 72.45580047511119
43.74961201371569 60.21233428883692
21.851672682586244 15.363406668775836
98.44129788010832 54.1164568443374
22.104086173391547 76.21442954676395
75.00168025232358 54.04244195256044
9.098766955924853 31.260801950259353
56.008803788871255 22.01490233382042
39.317977724899976 29.17348562539097
21.256740362643654 77.9153142198059
57.251831963896535 68.17058707604805
79.1128783944337 44.117297267400716
56.73778643873546 62.0745973739027
92.4972822248142 44.55534043046988
82.93731330076501 0.6784838431691975
16.59478689202013 97.71544421757284
24.107927794214255 34.70806558054672
42.73204991135188 74.7828739238422
40.15797636054133 66.30733777957221
23.45932227158506 93.33864833644135
51.191155244678775 76.89650360203404
21.004825196977905 65.69957713452015
67.05954618001329 97.8223993296639
35.004461402994714 46.27619278356069
3.329262273892908 54.165927954016524
20.57433881347984 88.06375467500347
8.53450778981777 29.166412593668888
57.045239528019096 81.0056168255915
88.16242149487434 18.258199829051424
85.61155213494821 39.39171339569788
24.138663873239707 21.590661597598093
78.60492469019098 65.37985204215684
61.62876402720664 95.18535132478473
46.62715447209324 19.19752777064099
65.38513210942544 45.79080277982439
12.205641941526057 75.62405126241894
64.33185971953031 92.26607476466991
18.597711062977808 79.68584633312742
77.39120941638402 23.07984410301316
84.0627378882603 37.00150381143469
81.14058438711763 19.63066868477341
35.931057480616836 40.226003723222604
55.48606131533281 56.5318647060977
94.96436995894152 35.8020544436666
50.883487901362535 20.346010786868796
56.43722726910959 86.87298449171543
10.024180517149839 38.73850245820265
32.1031300021287 87.77693230367831
81.70992368906957 27.174994064327628
66.48220073280167 84.13751203633498
19.11629977165038 86.72271230058462
45.816310027363926 4.292607995168951
34.15109067264842 71.11719339942158
91.41943231840163 52.862089104243516
6.2215879992252425 36.709260528787624
76.85984545892676 73.3635963409522
34.93296605637468 43.35263657659727
20.770354903177125 94.85576792687786
47.920278246058956 22.13720024588567
92.6764846460696 31.325621553210592
33.09695672633869 55.08266121188916
38.6557988821698 23.41733787491167
91.1261103612116 86.52534479605144
0.9199424552769564 41.8172662937448
34.757918316912594 74.83563077373523
75.47100372563345 44.834903535689705
81.07125259555774 5.281296761649701
45.55374934470356 63.89810721176331
61.840375721577935 78.19314048125877
13.467819208598353 2.943059907495549
73.98993983420095 72.11812971755175
43.32181968825073 97.83614568084779
16.910611426597523 25.114587290758916
86.90430444903895 26.084110115960414
81.69462224730894 83.3435337497378
77.608123615938 18.497446970264487
76.64253212838995 35.80044291479586
63.12096348088213 11.063291618423332
28.12676342862649 50.56455699833523
73.9577621686648 32.94591627192401
20.027640663694648 71.65216328973372
61.479142178579 38.13759412605041
62.79298722386425 2.062193456097139
97.74103357402078 5.492249040090091
41.29097458263292 61.05213948853084
99.6968460241945 71.92829304369238
5.290305653183724 55.834905914310276
82.19367454238635 70.11078691469869
74.28892879467452 22.61484653782736
9.40512177359788 43.921440986345786
67.50096116963611 40.96957003648799
54.02013314661698 17.15759158847713
99.62183948050347 53.98411050718358
21.70594379628539 9.087318309699388
98.63477729713111 0.1762674230088468
64.35515413106401 80.13730851977373
66.72902710053883 88.6253724003892
32.9748501527698 60.58363373101551
14.037533307664363 28.925487271297012
18.204110821041485 33.80408331900693
57.89380308268112 75.18672839446936
11.229610983737858 64.25305533808661
8.280514608851885 98.1016495077005
45.28999494105709 70.40103172084949
99.25450504912199 62.319883433158466
27.619033935669645 38.646276992465836
65.25420140735285 42.355715737158526
79.35791081461755 94.22311634837563
