149
17.757473531580693 36.126370657690785
46.755681929878726 13.658343471302326
77.15276947943653 52.55187014710195
94.92634804083039 71.12245745127629
91.35374001456404 1.3398698348727311
17.693533852976785 67.7815956041788
17.25013584788667 70.12881723141945
85.56417380996983 71.17778691162503
3.9584237357519925 5.712686583937532
71.13637689623458 86.85839566860183
69.07802547100928 59.947911011308804
23.53824636925569 1.8929274140616181
66.20360618336508 43.347700652390586
71.41214158850431 34.960152377762576
71.07998540549893 5.295960321078708
53.9145031553107 97.85713556780128
45.14037988836943 81.63525451899378
2.3729146002604895 42.84692204230194
74.93471552954199 29.459504461716524
42.73146384299958 39.93253645876778
91.71283263748852 45.34463903790655
16.781503293804 98.27709594340492
40.23090507256683 15.93884556350017
41.79299289751967 88.78938839677436
21.066981182146517 68.09647527396984
56.42725101932976 59.5329456596454
57.446109796693904 61.61211868142957
11.20285675150975 65.79280070100182
73.68070517601376 87.9315098852758
24.24482972783607 38.07577758952233
67.38304406228332 68.51059825408971
43.512116427379674 57.38949559103148
72.96835162014071 7.669684263387944
90.40973788678168 60.463826848185384
22.75980363295459 30.15437288685997
31.365177254963328 52.45479632807132
64.34642148153641 75.35236607091385
11.092336071288189 51.86663408993657
40.60594530787128 33.88027041986829
65.60932737782767 35.03187253428302
86.11239811881003 93.64322647643974
77.64236871819577 71.65464180770886
20.33871155533028 33.64425783727576
70.76938865630501 17.8339232766375
85.94050902762038 29.189124412465596
86.18025250068976 42.90305632731513
51.90570338725327 50.329320230369724
52.47541104900632 39.06199755755184
21.152807015948106 95.38361372830043
58.972201338187034 28.618002289314028
5.015162381840144 97.39090790515199
22.216949582950186 90.26579801797484
55.10433688018516 31.707167128381275
79.66316048826893 0.3152186292303849
71.62397151008315 22.184216287736945
36.357010768878006 22.292824253884714
70.78992490663225 48.69698752303784
25.81011046598252 91.24251389061718
33.1014706281437 86.19007265660375
67.97592186955221 76.92106429238235
57.52115236347524 63.25771029468742
82.24509364725716 52.284042580305055
62.59383392666875 39.947909552489094
85.40656879413281 22.977700883958853
47.90871998084133 90.81437078489704
82.87373078472882 81.75164105583848
55.29728532916166 59.592071824842066
85.50114016037995 64.44605307232894
62.466392184854826 33.32805726761574
59.65955479814462 24.53923100260549
14.669832924055425 97.45725329204136
72.56821928486599 71.32390923166726
55.557577500162914 65.11441374092118
24.56671260834682 38.13173742395477
75.1217544908182 19.730482879650747
60.91615219723595 67.4997296883531
42.671469050174416 38.56605537106647
35.151124990651326 67.08082064656618
28.39214103233827 13.304667476088838
17.935241335988138 53.142917120917886
36.38330425230316 9.825117293015918
7.06599169249047 45.181403084888395
13.699929897035334 81.42600469017223
8.384237261393668 26.824127824635713
28.74730344737818 67.30635019843452
91.53671800641192 98.85711141499465
57.97991186455979 94.09055703068634
0.7837801599518968 27.04878182024376
33.07851342697445 66.64571344375338
88.22910640856651 66.74621120138384
76.15570645282837 33.947488843722596
51.77137148714056 99.10198887015895
85.37795640909648 81.08647239982594
9.289983628131948 51.05720918195623
35.87026371535684 61.28030025920076
56.050059512041784 91.60431571180602
87.9315596488311 96.28532163884141
44.7845875906026 25.95681740953777
25.536026439199 71.90738563514944
88.07851231946294 46.55825468769096
6.504596064511703 86.18906940873082
11.454313642724646 27.319984456831037
26.07974991047787 54.23055535684787
0.18811134932229523 58.626856085588166
8.688453593698487 71.07265873415629
11.607598300659728 12.831618227206521
3.9524752387129602 21.660894634207285
61.53938080579988 83.3949780259387
92.02664682874442 68.30936178032724
78.54788759187018 98.59704681643822
17.440540740000408 26.279920026193015
3.9421111816030474 92.26679862973126
62.266193204058794 15.801752989409035
0.8626725592634776 3.1239661914720274
88.1511662746793 36.838559926635114
20.69330008652367 80.31788481503118
95.02305576916406 96.68251894413876
16.246100282238864 74.6373109789432
97.62351621079671 55.91008364455391
63.81889064084925 42.999809828179714
42.55882023869964 27.51906940917843
63.322026895339235 19.575528615297543
61.734101235804154 12.266750941007887
73.7043203908078 93.88997127295725
3.3476887651539666 33.32710342926364
84.98057441505313 4.139847585460121
31.319920281666047 1.9607466606678337
29.268613766089903 49.33572494551209
74.1863900966473 77.4745869812968
58.29943475548951 93.07804426151971
40.79000140016411 60.134090791756925
14.330619425191117 73.04535724780082
25.53945183956633 75.8000743264237
66.47528759410878 82.59615291692116
53.136511660408004 4.931435677034313
90.28202178242263 19.90433280943663
84.29719546845405 3.8282432045267045
94.38674329806672 59.094614210632955
91.67284587277486 53.44632020614996
3.769249134154584 68.70370130813173
78.39402930963854 70.1347666984596
91.79308673587406 50.96675706065722
72.39302003763432 49.45937764823446
90.78054720661336 25.353424637279055
31.782104507862552 46.396968829010795
58.439407463488614 15.822210732230513
64.44497728631023 3.0304625684719477
80.7401279541405 47.18617633573843
26.57446954218954 26.534888432076187
