167
78.55771130856884 91.3786007334958
44.90739922407611 86.38019864908007
1.8574967655468733 31.769019485466366
71.59612263898947 57.45905015987276
66.88332454016104 52.59968895943401
77.61124836141862 38.69113177026824
84.60946376596623 90.97081685389166
73.36726378974384 46.238656506299456
40.74625473112411 80.51095466277351
78.85309387522538 35.64599451568892
94.22542979326177 63.32468887341168
87.51142319818413 30.770966290037027
58.12231017577222 41.68599738946055
86.25036631120115 52.249783561608574
1.694833137635221 1.985278294921411
28.811844554466106 43.920624242218
34.28477442404711 57.222439971199115
87.5266124632992 73.15292341125173
27.69159152274996 48.395576377511986
50.7386149034743 16.523744490318748
94.80890988838259 86.70005118705728
16.715800435762805 74.3568425108971
77.25234681001496 44.37214930522237
52.47990929937993 26.798153517455336
73.7090796104978 42.29276407265768
29.22552116458651 71.56500873308183
54.68696590363308 8.709682407780795
21.52783414509003 66.08569089772503
11.531879254288945 11.844706527355509
37.899391982082975 25.96672950815465
19.044049091546245 2.5835870535723005
83.04991448214092 41.45006830743808
73.35410134887313 74.93952916583547
61.6837354604619 43.71506792526007
97.48367228455417 76.80303874413885
37.94250840964283 32.71578751330833
38.323720060860175 45.92738632970749
68.85054544408646 31.65124084084072
93.96536024423648 31.708832123709772
89.58676539086588 68.61157507625342
5.933303933417145 93.33871481481106
46.60044611125153 67.49318781361194
29.177965222844715 85.87392726107751
29.692080642196174 59.06776675414187
38.416810815585734 27.7932661649513
83.11737666580387 53.87805803831298
67.51990990080844 96.76931103051365
64.91119892350294 19.296590582641894
35.6351453039992 75.6121569186522
77.01534675985006 97.0128748259452
94.27038479493706 38.1142894176025
81.44510924346278 51.60391271076239
63.97562885379252 10.16424452712651
39.493633708022536 66.17058482617658
58.30355892099234 68.71219221103023
57.63229811960954 89.1032927213747
15.36349154166926 70.77017750007819
39.53841678084679 73.1814171055078
35.64181076989049 10.908397691807338
59.45262077719056 29.694360113651808
81.15957144789584 63.07393406065448
96.35586912828636 72.62736043647375
36.09364113093475 85.67534815337115
99.89048374082087 18.178389683186225
97.7142990460675 75.99458290045628
20.04332435265077 10.313147665061095
15.001989940074589 15.415985198936689
21.20656706481052 86.93053810318384
4.4337499423982685 46.04261668565995
64.95508477014607 69.34474310724731
28.100679330341237 55.87024879314758
96.03366744806667 88.67304650133912
23.159825988712846 86.81219333840728
60.02773466925703 83.33721370188537
80.17241121364461 18.326188286667822
76.72222303083778 51.11125315832512
84.22867857874175 52.65281018479568
51.9801510628555 78.54908656781603
38.6918787265623 1.3854723078813524
28.2711566945391 45.27352389635131
23.28585154668318 9.917674462933734
1.4439296960948922 54.19039373974779
13.889476239712428 4.222227613155782
97.70730485007563 62.19018979373914
90.9752390914767 31.303887598309654
87.94886061797338 57.98819994717211
83.01096480520019 49.73491515610044
67.81373417265036 67.14188168831471
77.39317687709686 14.318495550249688
85.96883084210359 64.3223313872499
0.7492797343251922 63.477458693565126
86.01708903963531 96.36378966023373
36.21938036596296 32.51216670723127
79.63377708826333 76.22761567408479
29.009104097671656 29.50480804075495
77.61726802443826 13.136737410873412
5.627475235385515 20.550410842380952
19.09492924494931 5.394800393793753
76.81877868580887 85.1552964589496
98.77642151870674 70.86676796512208
44.98946587011537 21.0583661922345
73.6051368322375 13.444195573677199
74.3382778997284 90.81845319041221
27.72047504679369 61.47099624801402
81.71971460010204 41.96263059792514
3.3449098167311786 38.01035176371468
21.915290045939308 29.829145803662026
25.037023854015473 57.78961338979695
71.07062974317586 19.3139419946333
5.18379152857692 72.22096391886902
88.46143360156599 54.71041389246902
81.62961085415844 6.923158919628303
85.91970847177842 42.42159076277324
53.48951498839302 45.89669014843314
6.923595675927463 92.15208230846076
31.197894218232115 96.34200050372881
99.96284051717558 73.7729508024533
63.68118549693869 84.47266861844493
25.95743788153364 69.0549041835279
22.529173699855342 75.98804023377235
40.68291972879544 63.2584450641816
95.26262540403347 15.5051426843413
12.284109950165345 70.23614231541787
49.479957298898356 13.933565149007821
73.88130376587641 10.168484169054292
7.773394136878931 15.215374005677074
30.14279847528637 58.34879395109128
68.09788126988532 4.186955543893722
66.3550004458916 43.64227702900353
53.989414887657524 35.105458008384524
7.122874495088604 2.5816710348844474
98.3433805449758 41.885428428329796
14.58894091086298 83.23446526676997
64.67111614465063 30.504235784599377
3.1294380575435654 3.5368789976317205
40.79327137142652 46.18934400096263
63.34750199162239 48.31909316657057
97.41241850540156 81.3681154784625
59.90229142042482 29.414480291891255
82.1267017664146 11.749761479139753
5.465882208587248 69.03277356547439
60.25911158566443 27.364165613495928
85.14923570150806 13.278541594216408
66.08351693841357 4.689524684856106
19.46046007854324 45.56662829327798
4.230837520742536 8.499203600486005
97.3678409324695 63.62605514778236
70.92265165392517 10.363702924269946
39.90387889143725 18.781288246649595
56.8120595184898 75.49687525798562
62.30821084205683 78.34112520130874
72.64212055572602 22.271049940566854
73.20301984185902 3.730120771774492
65.2766537876845 40.489527836603614
57.807810360125245 86.76511126239137
11.070343329655719 28.512325862825673
18.855495632049447 40.15641498867248
45.72783458516702 81.83340736519817
11.752880365592667 16.03360117615541
86.48238814708964 90.47761227951725
91.83787407702648 25.90864880088557
95.23182721031637 58.18676644306454
30.817042694491903 21.183638857398947
64.37129799356347 51.22708093662497
2.162243529999075 18.570750347103125
72.7775363959979 85.10137401407712
89.78689473703064 8.522190861223988
