104
28.590147870110382 97.72815062134922
73.78383863691856 0.5231151285754909
4.409292053188352 82.46119259633026
48.33023948075563 97.69647939750561
44.53011678900787 31.369498633267824
90.70581974690094 85.81772539971688
8.321562893947188 83.26978367387653
78.21736833719133 56.97265975882657
42.837800272731585 9.569239510302552
98.30946867824554 67.9990685878835
58.577219739426276 3.86490057313158
97.0976187191662 29.425854315167854
59.19795991180008 2.4776012194996033
83.36936395451492 46.442029692559295
28.086744150910526 70.05230016373727
24.983652701716828 79.32719537585382
35.83602130927365 60.7726245607059
62.68597226109753 3.9670170158729867
5.467359474720723 85.88984905174763
59.920098553524944 66.59851377295658
6.469607960122648 79.10061850193118
57.3189299045555 60.690309934589806
86.93304979708178 34.699385626334724
76.26540578905558 54.25487578810939
0.42308472309826595 33.195498327700655
66.71011613514025 22.926628631280277
58.93020380831876 77.81586590095625
4.161747946183658 7.49426142646853
52.677098061549586 28.015508565948565
36.124043376773216 82.71951837804643
55.51030002089694 79.05631639619574
3.43325516431916 21.591552472572562
60.351030351875515 33.044595022019074
15.795645942257119 98.7741658814399
60.53259248522813 79.2578958064925
88.63297155018267 31.076500567901956
62.101121217104485 19.17816182665375
95.48933663739558 75.72515029889043
91.01613778595163 60.120052609550555
69.88802694449144 88.80433016781276
45.89531787057128 35.15584850802671
63.46977794645213 51.11648512294514
10.848902663130765 61.03359285306219
94.84986902498379 4.92395559550145
97.32176952810309 87.9972421780304
18.88172567101909 38.60656171635286
47.16426546148757 92.47259804616169
90.31768422008165 69.67469632813331
80.18304751014146 63.96372799774532
61.62162744509709 84.89472165541704
76.59541289943994 20.418988771170156
55.872992994572826 33.78023416686544
48.987238739374725 20.609616348455017
67.76216856098539 57.614533140466385
96.33300851142522 33.37127719651015
82.40358890729411 98.84368049725171
2.6638425471834037 3.8807648159495556
92.98938561801488 47.51289609188576
24.359024869822022 53.367984645036415
30.95160211296948 31.12504092313737
24.37118432308867 76.2709002788144
34.636708789679524 95.52045143696049
80.67384509339807 82.28120386753076
97.85865097506972 49.663880189935306
59.207811173070546 92.99822027888412
27.74098879563802 37.01217009319051
2.9871545047531867 83.87999385857887
3.8845151256773125 29.678251530064625
42.38368754730833 17.262639128187196
58.4020847340738 0.9431623174488202
61.356283722200935 2.289966344674099
15.147418316437633 51.902454907147344
31.939201867141144 92.80198312155268
84.35386769901264 93.35480435594688
80.2072986739574 69.92245923350006
58.86786818614854 92.96563655423164
5.5549248181414494 36.32852251350164
59.47895467461368 10.67765142967434
36.082006242381524 37.49029274902187
29.61482095948288 55.92512516206622
85.52449989135307 59.30986193256136
64.99129448282413 74.14403205647888
26.86598066505902 63.81201209217379
32.7699062008075 94.7674220739916
37.656825655814664 55.858147887348075
53.40746800971631 96.3167252367884
9.148559559607182 37.69332301550068
73.28320024497164 89.47902026620477
88.96993000700323 24.40342941338298
34.85896739787696 57.45639174898328
9.410221886742454 52.11384059054601
96.5980571551077 0.7934895943339182
26.917690410810536 7.649976787420398
76.99206592718004 81.29806002506442
58.100824545194904 57.86454616088069
72.60789369759888 75.23780618510703
81.59786758891131 76.09528169487673
35.01632339184978 52.26010743827033
90.00698611700894 94.19187115736902
35.54880400506178 4.716528523796537
53.640615122290825 25.041027820425622
81.9480070764112 99.01565946257038
74.61650294371498 53.50283894255538
31.182289545052598 31.47866452829663
