173
1.5174430021952734 58.94237756281464
20.725649846700023 11.27638588419051
69.90978322613799 17.876435788377577
44.457837230436795 90.2142509915472
82.09351923277308 74.8521580198828
59.14866575088696 11.681773375607563
31.587976318808664 16.365496907093778
78.146592568127 74.05161227384843
52.44112719579721 16.53041486399879
61.59528170071367 46.20790441194356
62.197435372369846 49.04281242664121
19.76539380918554 46.61594846859513
75.25796057916048 98.67969361579915
12.12995853784693 50.607991336283305
9.984575865497947 64.0794762666142
57.60326231106839 6.10967358376141
50.286779711755955 54.25962875720741
45.224283871927064 62.61495527093782
37.28045934705298 54.34701723863551
38.483884979108886 67.05530299906623
5.0937071940335805 99.09720329310629
80.12646314878795 53.72597638668537
38.27456022150837 61.92447438720924
66.26028917806046 22.141108824012413
25.052965684120565 76.493073724765
5.887846744270053 8.97282127601967
37.29939809586678 89.2396700792017
72.96488132032951 49.737710687862894
52.893696427849356 33.7081931534999
75.82291950426159 93.11334957771143
99.3173525825552 19.1028098078333
0.22562166343221834 51.76936088294002
35.1721445402425 85.26452350448756
29.812814304120895 74.99338714789525
96.83553165055656 34.47873751289292
97.55892535629508 24.812330297161466
8.245653114144735 93.07139287455564
33.1939931217809 49.300366820170225
31.002922364060392 69.74499565101706
1.3728284189062134 50.13122308628538
3.4258623279160294 84.73307975492331
19.043951855661113 15.569862511307864
85.44451560445478 32.315617542907724
56.97534789232095 72.68412709709318
89.92158485566377 61.830247066549816
44.35335968212567 19.636360886042038
96.58685285914297 94.03490003295325
68.02535174411406 21.10154733188584
48.6903325107766 24.660742908962984
12.757395709362163 92.27865140482848
91.99388790533698 83.73859047357956
90.15412338267996 2.351657255686679
11.762391057208877 2.696455228061867
46.183045099439624 18.649516022462763
86.0259417398245 46.28948569454725
17.475832066069998 39.50438327781227
50.84957110230722 19.62926320068753
60.30291934687463 39.99088226954095
32.767622213619916 37.76266810033347
75.73836920400205 87.85037957611631
33.86069320513613 96.65423620945427
54.53709515938555 48.61612862531356
81.74236986499467 76.33637010237575
72.85498520486527 70.38555689034328
5.346320475283351 52.50733528025222
28.90712749627481 93.99796512961028
85.91297330789502 53.331094586102914
74.88659227450226 31.19503631258691
64.46609807872699 53.659477022639024
60.154688842904505 2.6743123351103293
93.81982415006058 68.89004760881946
63.73220372584547 9.442628108027918
44.38782027022018 34.32200500040692
84.78390792260896 93.80552877095484
19.84581911701735 54.581693852592814
1.8453655237180566 63.3069688809626
63.81667083982252 98.5663366158656
27.85419798053318 74.20252028142161
34.90679538493352 90.71279508725706
79.0205048264539 77.7030772987231
34.713379311160594 74.39586889443369
79.95237293023202 98.13694400469765
47.936115080176435 24.62008031090678
51.36372874745029 21.829262215212786
60.49717927239311 59.931911257242895
15.245620846184693 49.226471878077106
71.14350724124273 42.50593955089836
44.63168175313639 41.574804794751984
22.68792781887148 64.42691599598693
10.89139872524818 35.60487409759416
85.76127258076109 5.062171317238429
20.308253445897318 43.78932281467998
99.05519857163983 52.03356261708577
76.46420314618612 30.262576090963233
32.170463612649 75.32391564797969
76.65264916384513 40.571261663353
71.242119046718 12.75373219412732
27.684564419198022 37.314386550917476
73.38247504275832 99.69143972209226
95.76825961642903 18.736038997962034
7.319648954268477 55.529179346708155
51.76968346761487 94.10084187774643
90.45615746305403 36.81903190889469
47.15801250449502 7.581753452413431
10.825494913850331 45.98903483549793
48.36940364634976 73.61428570985814
44.35020741166865 92.22456089117544
85.51021951615078 1.3947774430438264
20.437476752960194 84.33887102885674
51.51576966579624 49.688286838822535
16.512436677013675 70.68831215931714
4.563886763022507 97.51282267754739
63.1249413205787 48.11727092694146
7.548753791710173 71.06041412485126
63.78211093844388 61.2351263984787
6.956259040725799 40.23646186807229
61.06212545553989 73.30670222050512
99.79134917323425 93.97445824945481
6.2248819434201685 38.852741104007436
53.68292832707815 76.53529664763835
54.27536883012094 57.43241394121081
35.58136227571074 21.365895282296744
86.71201296442743 1.9110493329699718
83.37963800640135 83.31077646714658
68.56047016633157 26.76911230651641
89.29756754737674 39.80961154914877
21.120647162974482 30.83620906304654
81.3796138290682 47.11242224958606
43.80888987822805 94.26437156429934
17.862731579372728 58.941735319160436
29.74537384395154 28.242376429523965
42.90303345771404 40.33121473923984
44.501300637910745 68.2998488422946
67.44926693365066 6.232853276264527
12.878200023912967 42.97281692567134
59.611238173857416 80.17745268466516
53.486713436734625 3.3280133256724964
41.850157548674225 94.42870918660815
42.865188645001005 51.82505358627938
41.861970985451556 20.180427477698547
35.79969435008306 5.659862625215284
27.743104535702003 38.4667218362453
4.773365619518133 82.80201725995667
80.02054381669784 63.163544810999326
17.888945000934562 84.39590144679597
53.20605581333759 15.372148914363182
78.49756616572455 67.80012914500418
63.477767976036525 67.33792964156487
12.880307358471544 46.145138909882235
42.5925458326012 96.17610235302882
65.80697285203262 70.23269049616778
97.31462595246296 80.48705887109541
42.597133300737 30.738146328439385
88.90521798864008 73.75495462721815
95.27491314136589 16.160222563716907
82.09376726074878 0.09012057498093418
60.11997157074623 55.20808143152692
61.719723440839125 67.99264961832068
96.01545417579315 64.82208281888802
73.1692024880647 89.83836414957342
18.162193543695015 43.34948142505173
1.754990684786517 82.83977507565537
18.608026004691524 1.554643374791509
83.6083245216073 1.8482775140139518
47.341180166663996 35.01677571549302
40.71957386091817 18.615779613014617
47.40703996107803 64.19212901321232
7.310861450026884 42.028009929478316
73.7492248801617 46.06805918665331
55.88416617680437 53.80812918069676
2.0432679025455758 21.64904348405966
11.878600725721345 56.37565612139145
68.35695484005736 11.146666038760223
