186
10.345752986523893 19.684857431111315
9.415365583983991 25.86248364788076
3.54954002543435 32.26153531429746
86.56251279708358 56.01367875041407
95.26499373717176 67.0381547473502
80.5146134284632 9.035690619342462
52.841814673024466 9.72958572363506
24.509660043784088 40.476679353188395
40.2539069559794 33.00382693376035
25.587189224680696 82.16807148342863
67.41061546906653 79.17217178010769
2.089241572559619 23.72386449677979
24.91093104461686 3.652092513654448
81.08880756610797 7.079557704842121
17.747853557698946 59.04902154918318
1.7288916648904307 93.07697400636175
51.83823997561577 70.90461776072256
78.20580412085143 74.85469903571644
61.17462113741282 44.044899132222696
62.72547641014965 38.88872125844709
56.32950994691265 79.9964364929159
55.174301930256355 97.25376641155245
7.121121018192689 72.46348674599376
68.29528216502784 68.54581822575516
46.51693550297777 68.9351043981571
68.4653626925349 34.10845625553029
12.819582080746061 81.34208611220302
17.308198795402962 23.79526263438517
49.685407451061096 58.261422619540014
26.70634730610031 46.24970499491417
74.90366275155333 61.22513511030792
42.440081133050036 43.64844585293029
67.25859759762952 36.83612467463183
80.63001993418739 53.22866294269849
41.70707124611246 16.159848642519947
32.75768478772013 19.024597355345197
21.17182229335779 51.80405957059304
13.43939360259121 60.64646681888755
99.68332558142778 28.20750726805006
39.79391416630931 96.46358714747161
28.687893926970265 55.79575311834911
90.0793971235771 85.88692895174015
73.59876197930566 26.219594619760713
26.322881583870984 72.36357054912072
96.3965076802275 15.6246477822088
55.39724042586431 94.26261338184679
92.34874717188725 1.0469809354866633
8.720714002399498 58.883660111455285
8.71856749278994 35.54392325722585
15.883235635912396 21.76160273898712
24.49089728530991 83.90538073224688
25.93257674945758 77.54526093442306
31.200883900606957 94.26716873056513
68.79533286706467 98.39634549052212
41.170272753482564 93.54706018155598
21.46704305191426 22.301961837753748
8.65457976483438 33.82428466233183
6.677175409843683 31.369219179245288
69.19909758966676 10.645505060659843
0.9856098045248118 26.306005957173518
75.49491107812511 73.68983298964882
33.63772037805784 52.70787560648116
40.379315242619306 23.998071207629735
91.05834666940368 98.72853129113584
24.455662196531257 35.93287389888312
95.33509420165807 97.13094444784126
70.85595623652546 95.73308088301343
30.797451746277748 52.76335735609735
14.240716063903857 74.16023590609888
93.94596568689747 52.80383397673799
24.201034875304362 59.78593867783014
37.54363364785496 72.68143081231324
96.84757317671567 67.05627080684297
69.09006152745245 66.54241282592446
53.82319119513752 48.747517007888554
12.576963908264293 4.1088245214574215
24.949339251069336 0.8686994596761588
62.73511809067591 46.796673391317725
2.072157467436775 73.83131890055328
52.251576218886676 89.14615526411028
50.100320852597136 33.77974651988759
35.86777288356189 54.400218512785806
26.863705083867384 84.23981188041384
61.346295919627025 64.94845662027548
45.60760787589376 90.9045841731808
15.396245170564171 68.26866071740716
75.78249502063382 28.047502572323346
80.95998121559636 38.079164877600626
28.56767776699072 79.20007774212763
40.43924451634836 36.37321914109779
83.25251944754316 58.15167442017316
29.493167161576604 60.66829217403414
61.247144392107266 42.71940477183042
88.05280016191222 34.509870177564885
31.188581492974464 53.77824836472438
34.722705381129934 31.423751886847697
54.39635324798508 65.38531780116212
14.398313077373704 76.04272425574243
55.53661962338139 55.512332879610526
2.9411930604272496 76.76625487329507
60.51838556905319 44.64848470702677
12.461664158559039 10.004277563937801
5.519233143381442 33.35469544324643
89.9063760598001 33.73520453760725
85.40059497090222 60.151326211719116
44.783433423019304 37.1833134359152
65.3598292220619 80.46038879119783
33.700631429916186 51.49660329237445
93.2997200763057 54.394956797647666
59.727225499802174 4.385347788887173
33.46940982719531 19.339719409109392
82.24135403547582 23.51513098355351
13.924833817763338 74.36500749022235
14.672324165161188 86.6821398934424
71.4355941748972 20.91867182522752
73.38783635753451 62.70962493698197
40.802066301239805 23.662094414426328
6.187201612017268 22.769889099403485
11.341186675205151 2.2155557835290107
24.920659569214322 80.6490244194669
12.4288682438503 55.14051334891935
6.229209724034401 73.69524231561054
34.23716760397699 67.6981309934496
39.61679787015156 19.408324002411725
75.95436271371693 19.264008045839464
15.952948545464562 67.38243111741197
27.029886422216485 53.417569164452395
31.59054901508246 97.20249317314847
98.58322261983673 80.25943947789517
74.92621117930196 28.469437434346588
29.8844439571345 47.85330502860354
14.939015033023995 38.44505103071446
44.60324703787296 77.7684254289786
47.936998729209826 91.53608402252351
78.23094507599141 39.70758929315812
59.02384991126347 17.65528792536252
65.70930805907 68.23147034322439
81.00307820156394 80.0254106299547
82.47236265532656 73.33330557712769
95.14941578695031 66.26768317157425
3.398301191333164 70.02111790656335
32.58204512545277 1.0957354831199528
1.8325634331772034 90.71642263594005
44.399665302426364 59.009669136049745
93.40302922929953 14.739087366593928
34.33320113068743 2.7467489634645514
46.89999283596548 77.6163189802079
75.93199056825623 56.33318327219739
5.056149159984102 49.510490639091955
6.285233263553813 15.64986343820356
7.186587944340383 86.58660158661007
11.741355083397542 33.99644591894619
66.45444535881705 36.256032222865876
47.999911580596255 58.343117310230475
36.85035667624905 87.28768156537518
26.31459970251798 50.676362521403405
38.58479984828199 10.088449744128592
72.26422028852181 99.75972686103579
58.885343434854256 6.6901469370235
32.04367370006944 89.83052276294084
91.17715237925312 65.63371538486865
66.10085092589945 94.01739360618693
14.296409809107146 40.46188997304833
2.0424262963937068 82.82865056889871
27.5607511878725 49.36372593987591
54.540390336484194 28.2139510018767
20.09420389834864 47.87776474751758
94.48292459445162 63.87490482237542
81.27618698281587 74.66461571832895
58.3936097279651 86.66577659032454
47.61991311157551 67.55112056052141
84.50306474556484 18.177878519450317
9.488214180319554 0.871590681998824
88.54279027121771 64.89971371268182
59.15591865296786 30.609491300292746
9.508192950831273 51.824664840190415
98.54399443207363 27.495433221108257
56.18819345915937 69.517385168345
86.32366721118846 94.23496655016918
21.540383318385004 73.80019829050303
47.34075383486527 31.52672026852995
46.05582353933156 61.377075438261386
98.57545044909102 17.809369515112795
48.058885470492164 55.183471556001585
31.580365669445452 15.584578780005664
37.95328829599772 16.2827199547805
