15
57.26807731775448 16.947202545643425
47.93934481448537 90.23661723079798
36.41852845524976 33.160576178297006
86.21710935692285 63.394767603538035
40.653725314469504 30.173845227475983
74.95551978597804 91.62288759838796
79.75630942083014 83.0174068624858
85.15305489043112 68.44957019199101
94.5539457834021 67.6220876943243
3.0901167200345414 10.11075741194195
99.74320973123437 75.978975723657
93.8530091494368 89.91168534925875
99.35615403649749 73.35866938918451
53.458520938309306 9.392093877072782
28.17147580497641 22.392350660533957
