132
84.00513386449845 91.34387385639201
46.22354158974659 10.57598210436701
35.03474032643773 60.046117749485106
64.43723444979348 70.8544973249981
11.478232365154383 63.09746225203005
39.695931410533525 85.77127647820156
19.796473846601927 58.99389729894261
7.444994665061855 67.33437684353751
84.34647630167873 25.699906891849235
57.61522294657204 83.87789878090254
35.25645475953614 30.965062995852854
75.63687852188474 20.101691184422087
62.53811070995843 22.403203587519172
74.64279377573693 94.23138079578419
64.24489163794583 67.76174352610249
90.64787055272686 88.76371053456182
5.7716557832085735 1.3437284974817776
68.72402168458612 10.658964386019786
67.1249827840952 14.613467660020675
14.58781135717956 17.241973614037597
96.61980393136906 25.772619531495877
20.4160553402171 43.47322456639575
79.83898128206756 86.70865948920286
61.04624555935189 45.68529872394266
89.83417124773136 38.813238221508485
43.66510976002832 29.266517418371794
75.96018375464152 28.527009073486965
91.04470395532654 46.494361648144455
83.21386931951476 93.9848162286346
44.911710502599945 67.23003953959392
54.936215497371755 19.66656554189168
66.48963407926443 70.54207355931396
78.8076557340248 84.04472585876198
35.29617978204412 42.25222376117803
42.16121510624272 33.6848198484049
76.78047739220119 87.28436250171974
47.70878940523641 41.76885637563693
52.41202319327882 18.519832341616628
82.13203012349331 9.23559955162161
3.4718276587195285 34.80300686989904
25.419601119059486 15.567676227259831
61.03760416406939 95.88175357159678
82.27353574933784 72.73073999406436
41.02170451164362 1.325065887183574
34.129548309457604 72.91831012082618
47.27140103940729 56.743555825668366
41.23290581433433 74.14194938994557
28.278021776333695 81.2713381352488
18.349518620185144 1.8408139451935202
93.36290659090871 31.289806768638584
12.468158761793202 6.299318530569165
2.225554620570658 53.706482639273375
79.51241551349017 69.29508555746929
51.431689286814084 70.43994882917829
35.77966364304935 99.50108016134175
69.52904805874275 33.553176690372545
32.46102636585009 46.3981796854557
58.12835927516814 35.61382562134536
59.65619199442983 48.65814112842391
84.57123543822304 19.811747532959966
6.891241473889631 35.48433304534233
40.41267440499635 84.18779995497162
32.69395721287407 7.044521951434135
98.99673177099018 81.83390151396848
8.787227662793317 59.53478502408435
45.10582545856832 34.21066892592193
91.99074661943936 3.2672370007221896
82.7324743291595 37.451918688193665
20.949082045027 82.67727687532586
98.17879986093901 61.920897672080955
96.52759651963659 62.85977589432951
83.52312326094739 99.69852808241016
31.764916747748817 74.70025014132312
76.28067681981095 32.788774981313864
57.80242038725346 20.78396205067088
21.951047181436945 31.07271990876781
74.82030791048341 23.37910086039138
4.146517628581359 9.658680638590022
87.49547873137212 4.0939839606439214
56.656245594710875 78.66240683643436
50.37419444061872 77.38164678981974
46.34641936667017 47.177131236932134
98.5842880412586 24.164970926896423
35.9809744161666 78.10113385899274
19.753592080087788 38.50780035242644
20.70267515069001 92.64320778917482
58.90259066990031 59.00387134119538
89.06197875470689 53.80607878785163
86.1887779041707 46.58583546365313
44.31207131451396 43.177716586384996
11.086023157923941 72.8707649972761
67.6881829529906 18.103923277949185
53.90089816218967 43.182123841256924
63.02600813067226 0.006526115233251861
60.053209038664704 43.87535300587474
96.99732878816324 4.161528671301085
70.77156128124554 41.31443583893394
93.71995061664083 50.25555364190482
15.50761971602853 88.39288171409335
33.110335273966285 9.371646242450925
25.66684682099074 15.804343442509072
97.5126961502289 23.50555539815028
61.912105774907765 0.18575972482722802
1.4886574438878308 21.536826513993546
45.479993647043315 80.9383464729353
0.6701311666057586 95.82736102812231
75.82168862150836 79.50147836157757
92.75789613407908 75.32871846641328
29.479585922995955 94.22363564233413
48.52380426485921 89.0841904425259
93.85908438751783 37.72993991130831
61.76056631838175 11.964251564851413
83.39654419991163 55.61730407453218
6.515179412004679 11.460375569244707
61.169891975478095 31.68956701700205
35.10669171091869 43.16259076339881
77.28560277091691 72.76440315173956
55.41204512306715 70.27548684045925
75.8256318710973 38.55507598190998
42.35038140531549 45.034943599392605
9.183925059459263 0.7779692000666749
53.21139798206086 48.109677849575874
92.74537815153812 94.56260512401249
3.150294588039082 9.560876524843852
97.54388117166765 92.2336417650178
38.2061254763814 84.06851245301559
17.0838267850997 63.70615136612388
19.615346457065762 20.786225105896683
29.986247472358972 58.51053396225648
2.2086415379736435 97.42801421733644
70.32158326133717 82.66786354478883
87.59719968356629 2.512640063483429
