157
19.363624934134037 16.759848307014934
4.844248703147381 0.45216024233898366
49.382358787640726 56.770323532125936
24.332975205340436 53.86998774115632
44.25928591000926 23.229994817591603
60.5641586113121 42.56095885549966
66.79840815004572 51.05570481505058
19.574594957924095 50.00582172368871
53.946668044500946 99.68968447773646
69.69290990775617 1.9404045673702797
13.873593151556706 45.248919665859255
85.298664024021 25.489138171866376
79.7221888646204 71.53243746882644
38.49337891940543 51.7845740563861
29.17827789881099 1.1089249443546612
35.87498188561394 62.78560797655764
25.49631942339393 93.03951753927127
94.44382985924462 80.20224719752403
53.56184612036641 8.542069939589359
61.33473775938684 50.07848184444964
93.68959323169071 22.84734271653773
14.695241363089862 67.4838828652329
31.91213618516179 1.6701568423965973
21.29509547573908 8.729026348636715
99.68602377399685 42.14406836042025
57.04906938274823 35.03645802589463
79.38252433717531 56.396532380726626
98.95798984275139 4.433482764679186
30.47136002506432 61.8943808818871
45.200353233803625 92.7539349852582
20.790205342360014 24.660942018594724
82.90469005832298 86.91581072370612
31.27850326598557 91.27144302899444
21.925860892989213 5.116120060940055
30.05318446659322 95.44539827503633
62.72304065349594 43.06187679472281
95.34186693888628 50.55094277477606
91.5079729712702 78.83299824647918
66.22194705076288 64.83490417062339
14.713808970782727 16.735882628093425
42.311659330733775 24.877587352317132
73.69315311934047 81.75066540465305
27.09009739119149 27.5208589766199
87.7731046792986 46.11447882802273
77.23155433034862 96.08689299511883
6.557553688481688 13.765468538606939
70.12520065894368 60.22100251837441
82.62510875475397 11.90927116692978
25.933459738952802 47.22509009845557
63.503800545811494 12.118097808677774
72.12712351018853 38.195293850922006
79.86821402787521 71.18683387663638
13.638705719232401 64.75180350725822
19.693420726863266 51.12953050140572
49.53891031609295 47.0670788841015
60.945970241081525 26.78080761522582
18.357322586594847 53.50692526210962
89.49187152315938 61.897216557619025
88.75383283091793 42.16981973761323
18.21799915825646 77.84425106098227
9.643113659655144 65.56699450000141
7.221027172140603 6.6269298599495485
24.24174384433825 60.36884754951453
1.5385248701782928 2.770317496406005
75.10202609458662 14.847495798699184
55.454854624285964 13.264901142677532
24.00977593847581 33.213710621159784
9.499211268560249 58.94767240443871
91.96073344557644 64.230523611189
86.1794027542187 65.24975677877703
50.70186747951083 42.478035836419345
7.3354849040838 38.11666341122291
18.00354320767701 52.55749852110148
68.53930094535974 14.139002735618922
58.70949761150411 28.731980779265232
34.8880000560438 97.43204186974152
57.27296541309467 19.580051513289643
77.51334324802112 15.747033278152788
69.29938499809387 87.93463503408573
10.5499602562519 35.14372716618707
87.47462891284533 67.02648223520647
43.52585418489864 56.70474415806167
27.75263155276354 67.62865349731304
63.12272573148279 51.82601300880748
22.804434003300035 17.267906921421293
58.22684161104949 12.882961848522001
51.43975279926204 92.11032741676236
55.90576204671501 49.26030249705331
82.65083912978753 29.49010760181888
26.818302919921223 14.232203212632866
64.78249620542724 73.27641595145735
82.20813053731774 8.171449672376852
30.537557200104615 22.35971294762622
56.16200255148867 96.09118061180581
36.11131951992106 36.07679400915899
36.581990430738976 0.8761993822246406
54.52668026117228 96.39823317367367
79.941860718337 66.18750169024713
72.1112546626523 25.699551162332803
75.10157382537476 50.29423180379246
31.83877706780096 63.83161520690822
96.8955022577244 10.638282680517275
20.486394231322137 76.95675633236712
61.33990501430864 60.490134285513676
52.71905204975005 98.51965445322051
61.38211643213254 88.03365828908082
15.699632449720136 87.57500051184182
72.88536255444028 83.61138177400414
98.68138953782838 51.56771350073519
62.60778725007249 95.30862341720326
65.84252352819982 7.847604376736594
77.26695686914795 92.77549875664629
21.48174284573997 73.50840078506677
55.58228144575668 28.573138916299246
74.68383363350968 51.770216776641895
40.99594804348913 29.151814660747476
2.1008816061878433 34.524784619016216
24.36943037041196 74.64804764176695
1.6987198396124392 87.36614464478652
33.00658962609452 86.80566288329827
21.621509476992184 50.65624337270642
35.5554092154011 6.366707027903285
7.847511475163438 89.11061154665173
47.47843399378132 25.545350328189986
20.388939992724488 55.106754972056095
45.70909949276458 95.50149840503448
90.41952029669253 13.622927018600993
8.159134292086534 58.384329798235235
47.415805645489705 9.208601468865362
47.7529879038738 74.20229058266527
56.127152678399526 45.43765318382105
72.8635773559318 18.882161555835133
33.090408925949255 91.89419862675099
14.74417512357844 39.53552818174897
24.267296987577048 40.47569084521426
46.8840896191623 44.6348590300669
5.78976687868662 43.163760391564765
14.387615460627867 28.497947390489664
27.515486130433942 52.68989019011302
50.24763550693838 93.28570524329601
71.41838949015713 53.42463108764788
57.52092637195953 43.63556159035112
65.45842431538807 89.73552509261854
94.2105529743254 84.52564763556236
31.85524689464303 61.73160981910003
84.86782806311896 72.0669343526968
5.714686284585657 25.663692269434037
80.40253679093173 97.98647553181605
74.03920485935535 55.48731355976063
35.788069180355365 57.60320311656422
35.32931785075425 21.405907907593047
80.8934618993462 19.147380371799517
52.76007675616492 74.69885893095281
73.52644745770944 74.18110508319408
44.26518510260941 39.396129142633164
61.23035368734621 40.90834836048239
24.32062186358802 63.93398451143402
