138
94.67651133834364 32.62229037545153
16.109934510707326 30.64817377143657
18.058769667922302 20.558495233017325
86.86443193230869 13.939701349409383
70.9127748242975 24.807276272892366
2.929969890269224 82.73617904793772
55.472253917288384 71.74326986204319
42.801927251526415 85.43585793904525
66.3652387698306 71.09944936311273
56.611821755506995 12.214585635582342
57.042501435848536 71.31144094326093
65.24014478134845 98.36282536278505
10.863632550528612 19.82344906886466
93.60570934990362 15.148508622028201
17.53039411288092 16.252610496415322
8.722915447137591 59.95993488722505
69.77372188024209 20.2446760371322
85.28227252449511 17.97664662577887
53.14060771039502 58.77693342567688
9.620641884819204 22.10133757165913
63.86929761980959 6.406857601592597
89.6299831461522 17.11886705615032
60.34229394397536 58.79562357424262
77.65264071108682 24.689838543276153
48.276768512939924 86.02532188449148
73.14693940712826 2.1807030690248363
88.99711401665384 69.49230385722936
1.6107810318439997 40.91127123802624
59.33167188383608 73.6606380310093
20.916849591777265 21.297784030990673
91.77050231122233 28.799190492939875
56.79974749793898 12.296298617500213
93.6549564122117 41.46067551944813
35.02735335426783 34.34729028192308
7.1389628096985795 77.93366974232192
51.43169499922857 74.05946038382665
34.28015149090592 15.05218572524073
6.104740745267467 62.52130221877942
32.473187482089116 25.961868378023123
40.04004658680359 30.921567418399032
15.619158763214347 82.62004319505436
86.75918321294913 49.483011072411244
6.424397690362138 59.85002458438709
81.61763910600013 18.843752091926692
54.75441924184574 26.496645581668087
0.8961406187911525 33.51833214654906
27.409194731954813 64.89502075589759
13.887842296833043 26.902957792815872
82.3888400355409 66.45650514311723
7.934147340264996 54.52861070873861
45.225678315016225 57.81943982844939
17.870936155617855 19.420285679429394
42.209360156472684 48.9133482618269
46.23359466796582 39.26713070167508
63.845694711958124 70.7041880983328
90.25837341966361 1.2513118964380898
47.85135540430936 38.23676588433585
70.59521069974754 17.14157631471468
93.44090896483667 85.89156495389781
60.935606107553916 95.1675809541159
6.642378739263133 46.71268932852255
14.924073963021877 12.80669875155398
20.64621935310965 15.99531235948487
55.48430613107993 15.996904683715885
16.164130317326595 58.88943230797139
76.35739623210452 5.59472882768941
85.75444561554902 86.87253121713219
18.027731790696667 61.079711639202536
71.90437824586328 8.390406877448275
4.279521811655796 43.28504596420599
31.67953124915337 67.5410126503326
36.155218123432334 35.99009440762894
19.388040435000175 34.69412594178917
58.77948287610255 25.44866695949516
5.255729237541129 11.969418590271408
70.22237912744033 74.78069059855653
42.11135230845968 1.3695127783584615
95.39182644782092 10.206001966324973
70.27457885514298 44.531271209915765
97.22123396823964 23.868025680429117
81.85946182021074 0.9477862897019573
1.907178562598999 83.03933280552849
0.9752360801163817 32.298152614414924
80.56522292150832 53.00628338583553
56.58746689786381 87.39690102206688
71.08278422433276 26.42483235494969
26.426004393874013 40.0906022354688
45.31949508894164 37.04930410453127
23.976059880344835 2.3185323210103803
56.7720927340775 48.95753351247314
15.472638841345365 72.93425665952978
61.8210074794874 40.52152757441537
30.73157274552655 92.43685400628105
9.373727320372616 87.13452027990303
76.27281999938037 98.36635689105832
40.42429194872435 33.44951159842461
71.81119119278095 42.16513452317039
15.287712535268593 33.50495037718196
99.4471065275333 5.978568241379323
87.93747941557989 44.90002101209312
73.52271969161936 35.134712026115956
52.32494480595186 64.41668366376445
47.941157265030085 35.51637557615484
32.93381628147708 11.050549595787729
96.05921590563396 22.613768531900035
31.39209028893991 81.47521263615833
86.79272983336446 46.04149745834746
79.3810320644903 20.86425720419608
14.454675368295945 49.13251156288294
61.30842049919416 40.693591556441476
97.71005783473662 54.10506284803313
1.1950120441306167 26.441831257489756
63.5188759026813 66.02624571336658
30.001561380465525 48.72656740292112
71.60053553754364 16.31669153563121
5.562800397059087 96.75920996967189
52.99630151469298 96.02493557751284
88.72499132489999 75.22719284000715
91.18305198295388 60.65654796707024
57.9272157228231 47.70599795013355
27.521491207286697 41.465305716046906
5.668263211852254 6.280224492145903
95.36554968668992 86.76134145030674
63.051317080855206 39.05375166910557
77.42110728932441 97.11866061422822
35.31315415046768 0.05531559030160782
27.183271496898655 42.36445138142753
72.21031106284316 56.67900555925524
72.51582136458497 42.38134781643921
77.26055423253241 62.57201404984135
79.0805180896124 13.874077422318098
24.261365069468955 58.96292197845209
3.390261267180994 86.38944479934248
72.70094410739965 55.53021628116053
24.772440158772014 20.028849482949195
30.617353382873546 97.36408212075663
10.614001052930044 0.6828530855275905
86.12781091022417 66.71178248630189
