181
54.21518988011941 25.043526873468146
17.391615295052475 27.896784682787988
27.39458793541878 53.192091984810794
26.34719391428958 95.60359909074953
99.99845640899547 52.41668495995479
96.82347203908186 15.93956284740522
24.990425041176646 9.111532596105565
40.151478268658366 4.5173630637393
24.02984709919903 7.25920728953362
69.76389161167891 27.406487190979878
36.39427526572325 0.9611754519116111
61.045736212039 15.110380991906613
97.60965870380666 46.86252363487397
11.727856657916025 12.725145837452857
33.850216530354714 50.94410962121915
80.85925458000307 92.35012899877673
59.555123613673146 90.7223909242931
4.73440386989441 45.009118666375656
47.53278611988695 17.085278353605915
96.0903618250352 35.0425121694118
3.163228320090705 20.98304518120019
38.738446723971734 17.58410765493581
93.88821615950576 4.409399880200415
19.3872970254102 83.89397360481165
95.08052038055393 8.166528027228647
49.26695897465526 15.85760247524053
5.03478049307714 79.51108608681534
5.497930450618139 94.1184847590228
25.708430002454698 1.1928442620549706
13.025382255029038 7.6103220642176
33.60301391781986 7.782414724426079
35.65288505263137 10.205266705120664
97.77195415899939 59.47352561156808
49.05276188844948 12.89290043911353
49.40650316177639 13.104367761372826
24.157652015332687 91.70583042242035
9.270980611899072 79.84772660524759
93.36149472274109 44.916510349385774
84.01923917153297 19.739866267921947
65.18957985792254 4.304654793734642
72.4296239476306 60.364779375432676
72.89380335162991 3.7293150593272206
41.792546483632584 43.404636239318926
74.17933965835601 98.380535995294
2.493731996294901 45.35097959387176
88.48966214824715 57.948689924141036
84.13035015816699 92.20640644717469
29.929645219342703 19.860078042022757
69.52884388945165 65.91808897924828
22.945872071797258 17.607669697267003
35.71807667597574 99.04533542338054
56.18749670460802 77.51450549710937
9.751663871033166 47.63542224976338
3.657790330358568 44.500077041388884
86.69527163536146 4.948699109868759
55.38923541234592 18.85211039624689
81.12813096435033 53.44587097094803
65.76387872862487 7.46546537045022
62.19574687106889 55.505195019389184
2.339253636482641 54.80278252430689
18.851807043374357 35.071835616297996
15.342186308000915 77.5076442797969
27.176703316950835 99.2272691772835
55.69009088648239 92.25658256469738
33.7299911421598 25.611567283098037
0.9491239762687842 36.58377878993091
95.50667869031147 36.494840502670456
32.82780530707432 61.00915251055494
4.687701118752408 36.097998508541785
73.65072565529206 91.56323346648614
86.69585931369205 64.24467868362859
26.776155950649873 88.21204441565267
94.47813166720334 39.12166670695149
57.98622397188841 59.52934155258966
73.63777300299486 62.37800284886791
37.64793713622198 47.44307197174889
40.80206869364633 88.62226164262576
39.48665487724515 21.234083712575035
82.270994465275 44.18885399799115
4.436412597370554 93.5745165646248
32.868781048875725 38.12213081926663
59.43531456182246 47.2987433457667
5.199876583302244 45.671316105666385
94.44705416755266 77.19409902146867
88.79784239018608 36.2912580719863
79.62164865079787 74.42595812904204
8.602803994847473 89.55249198933538
76.53397199721806 90.33552740365549
40.01323051654361 22.092607039570723
32.51050763979143 92.94948506424772
82.89381509103478 52.32069318071414
28.501704111730053 13.730569120526425
9.118308475695658 36.16098678825224
38.08515673408787 66.55540772542425
88.46211879283054 57.73833798954088
77.0461602131235 57.61077917495032
20.86961651785606 79.75847578743637
17.573517114419403 77.19804905497848
58.71818529281641 26.72332950696009
86.9591894050521 10.202077419203093
88.70482317837369 40.215846057293824
96.69508888714108 34.28691085473049
45.11053383984937 21.849997633038964
38.14773960873899 97.83811735642358
72.77815641538294 48.26022528715722
65.6413128881429 37.89165639615799
73.47298477928558 96.91221792969375
81.16814423048771 55.45565169350263
27.555862162741896 96.00012781259359
77.2321890221049 67.52252583549921
21.936156585439814 29.567015107237328
81.29271647176763 96.75582116990424
36.11505137496096 53.289831195759604
40.55431660603237 31.2064499588813
64.67088148187706 67.01859071806165
51.436983166944316 23.17572187317666
6.499907022519769 8.918538351793504
88.53473786046492 7.481720679180748
3.2645385455021936 85.84302427113954
1.1406248582344958 28.989378786534814
92.06956705432286 88.91617459510105
19.528993307971177 84.31300319519283
1.8666140754823424 47.83146131758571
50.018173543957026 29.62002638339594
27.63774741278332 38.855687946061494
2.558245755809918 66.71706875226462
51.89089136658366 39.21616979945972
58.21435268962618 80.99933354880065
90.1000377652381 72.45486686937882
36.27956337001109 31.744368937791634
42.34883622819417 10.710488002686724
18.348056826724157 2.0449661518573303
49.28836550594403 21.2349263142789
59.514412572225574 46.560952734549424
84.15965568678403 6.723793629323483
57.136217921758394 50.7148453957062
81.25095514416589 84.1355086640646
38.27774700003243 19.46404683803127
29.588894536807985 63.1725844043144
19.978261271109577 70.98557880539194
71.52440870305131 50.75431591744588
64.57441442056884 9.990852166740172
36.95699937385879 39.39796476169022
77.5808100367383 16.160863819376114
68.67502066517515 58.54698913211253
31.175225048768105 81.16976760057862
98.029883559137 42.03526460685056
32.13508492298185 27.518384444148182
1.6317536927019871 77.8829002173472
11.554373275116369 96.56720061287707
11.536606801444126 73.71585410388552
43.11119339906232 95.16448953646216
22.973757175355146 37.60019724275845
32.53335481117249 21.798097029074924
63.97654788148684 27.55124709585125
50.82527017089035 83.00801945942037
52.307039734656 51.19540829055054
9.725433261619987 53.74991453034582
21.67926654218909 77.9058241967015
37.922045421422936 72.07765243753308
24.829497268803024 22.50317637614172
95.22791902068305 7.529653896328803
38.758751644933575 26.768302271771805
98.12593366401464 3.6603040035450674
73.0939355240116 31.079326183077292
69.35462734114971 10.325582749432838
20.910087619182892 28.16373969325987
48.51168857100727 42.934260846855196
81.41051320044981 90.06911665796507
8.22040753992811 40.27061499454344
10.209085329829604 27.18895781363836
70.24068457301725 3.6587399343043003
35.21831503351305 17.79755789347646
41.33695428431725 22.580282636451145
97.73605306340541 46.098627238659454
87.74531473578553 37.16673706392832
26.31924560209462 75.4399060594973
45.183665462420365 10.338652660346703
7.652297250314433 92.6880710186941
43.855344841204904 26.482693719933536
82.60223825045189 70.65990719509317
