17
43.31369921757725 91.99370200922998
6.159224034333855 98.18502214756205
65.47202849925675 33.726031622619566
45.22709503455744 78.36620327877739
7.530985131283751 81.17922403624817
7.693692679633313 95.46076500070842
49.32771414920817 29.720304538449692
41.9024060003369 76.7403987159505
35.776789938018204 46.094496215203776
13.84128933659018 44.694882259717595
89.02550234494463 89.71008355007093
77.56169054457781 76.68703819569743
11.995780714065718 69.9357816415066
88.83935040549076 3.1570551682413517
52.86996208202404 55.194645067476586
13.152521834424046 23.273327593751304
44.32286844235206 5.93551309565703
