178
59.13216195730554 40.031886645833026
42.53110187740792 68.76993192677091
41.51678476339023 36.518413625517695
31.310144131457317 25.036182147398954
8.552632831214325 45.46178692117787
95.66925879551185 94.42907490037985
84.5257145398027 28.42950790602884
79.30655196767968 39.130054235977255
73.2410041948625 35.32786366717693
3.9034001368811744 94.74718263395067
96.47126664430186 31.30930567950977
54.33005483436531 22.93236047800843
93.57877226713242 30.45567241170345
57.17807571467631 74.06699376201729
14.65270848795891 16.300739412860686
50.188217924815184 18.150648863313158
99.68744084756364 23.05272984735922
17.55234462555003 90.784206448372
4.331631262728298 57.251628902724136
18.93851455928891 61.85263250312178
60.3378305943666 8.609007422171933
63.07297941551069 30.07550526932804
43.85538517117873 96.32492462517472
68.64290807957872 40.676276705207236
9.273436640877053 9.022495077160176
81.86334942297366 73.39922424038154
10.153397893137106 67.01477880959891
29.03957682435061 67.4724587662241
15.327196456767634 4.038372021030612
43.15969794723677 31.279797382765253
55.39846592251648 87.35657590254402
98.29777961991772 84.24587510028778
30.07093512454856 92.2566612043002
63.28625580372407 28.497815053700837
6.450481881504877 99.65998133208595
87.5934907239092 10.999676502946155
87.99735366801312 90.19221027219392
4.712442378147774 35.41344034015987
32.17256887958722 34.62124564054723
86.11105344961136 97.13528091329574
72.6604017974265 49.95823660124805
30.79239880061444 57.21031099613717
81.95261432444372 19.458636375923366
14.509031372994007 16.329883567965574
49.95686458780742 43.03318055961562
85.34616531962143 98.88437644784779
78.92601256615917 40.7469385076093
8.762789314539699 85.46622204942162
97.6085075348313 65.42759258350426
47.05150386782445 88.73478229660898
67.74714702724172 36.667705036091114
89.39998509858017 62.172803679951585
23.571521947776255 41.30456741141857
5.818246505270563 10.053883661541684
77.91407244326058 32.748700368660145
92.92775361248555 71.9428861970001
46.817676253467425 12.423989444371752
29.65432156880462 55.86843736864279
9.919148985891157 75.62581036774606
63.53629516320364 37.277314866535164
89.96516714524707 0.0884154131751469
17.96707431194937 38.632726744566824
42.30881345733718 42.597049034421275
64.89283690645192 98.70881578957128
62.08003355910989 93.64627836983995
33.74859138674825 77.79574464778767
61.36823439060992 68.20302293483664
75.20475947453629 18.63146477307216
97.58643954828095 46.365299971144324
86.65554579169135 42.29611448880719
60.0593820309681 97.71633904563689
55.411958006268456 88.38475595034441
5.846136337215757 97.43650124382526
6.854864754282808 82.39390457632294
71.90813867853466 72.92749288080063
6.58871462232794 74.31688109674303
13.974007574969072 86.39450472507104
74.99907285663731 70.90304120165266
11.622798806208777 11.612705880376827
94.5419329713885 74.47723371221576
51.47695301806241 38.83946011880669
88.4846459843583 23.695833364736217
87.48813022307412 87.3039202601024
21.074588277620588 99.44959886324469
44.18305434996789 47.32253047601205
92.48933777492358 80.10573210464872
86.77347797581984 13.074468138863516
55.54699784143781 25.949259461761145
39.1923116788639 93.33376542044624
65.50692554080251 94.7502252435723
4.688984586462263 9.192330464005105
97.45114691307623 27.76869739034007
16.290214638382828 52.00577254444827
25.148235240676854 48.530292082132966
58.849874135619615 64.26961516171569
64.64927224538627 45.92561941627983
67.89839745036717 59.87484400292406
9.658433471404326 15.429683929495708
64.00210300889339 56.97460241799395
54.8063837238723 90.60394955046893
53.141586032875175 90.14658583877574
51.31357305814645 57.492089394803315
59.90417197782665 79.34927536814904
63.668225977919 60.05326335903969
82.289516636185 38.125983466620085
14.765456401832534 60.792739424607554
13.083617711565232 23.59022455896155
11.971037638971872 5.141327417098463
78.51912897196112 62.06173708138021
0.7751167113015045 98.65293054877203
83.50332620161072 84.12294523959646
66.45515175322313 31.906633307809074
64.22514539708914 78.65726408948969
34.52304665239178 16.531145968823402
41.52651411415913 5.205733557646674
54.424531058752244 68.30595916884762
19.41258099891089 62.887365857506715
27.871453402796188 27.16405877114383
39.339776097791756 13.366885457117528
25.317144588092834 66.26714365094941
70.139043124125 59.999126594313424
28.944956043102522 63.99490539068818
42.38327099874184 48.695908984607975
69.73309558099459 47.65549203391251
26.625086941992436 75.59425119250011
60.88394224970145 1.7200599396846261
34.40686580701288 13.412698678511548
34.208325068394515 14.833937825972265
6.5191342165146215 94.57573575323237
18.689714344860974 26.21279543036714
89.712748755174 23.623189140570076
39.57040651776175 37.4867277194839
40.24546163028923 93.0719631093576
99.21262215698934 75.03035186878813
81.34665010394542 36.31498784237716
13.540768917464518 8.239938453299533
61.43996256864913 93.04144606915108
62.0589384935804 56.04785927460495
70.67309016482571 13.19230165358276
64.92783243846546 79.94584960882139
62.30459969675151 5.328492841336541
92.31687466134899 7.1181615623071455
18.733294251018307 48.84793513682772
9.527102432598388 63.307569894447134
49.819073574960036 23.90662210491322
41.652691929581486 28.80836999594899
15.413858111468915 85.13781054984238
94.86990916336117 72.40799350681677
94.61562526741733 92.58683268290999
84.96463888147566 83.73949855367913
95.417468894694 83.77022432611254
17.40460233998451 6.493417370502552
98.64069783022632 31.07210800845498
36.864435170901736 73.9883159251345
61.896996120885625 80.62893091494223
12.032359762671996 74.81741673700367
40.190291691076915 13.745038668449027
58.59194698600759 52.493960209948575
58.0698680814589 94.0625583794564
82.16790804015409 27.51538017814915
75.38142016917267 7.901892269694455
51.083720584324155 51.25428013559814
94.24974792720545 83.9931400919677
87.48920520256395 62.043329988666265
59.68905220174739 79.04049912108295
0.20834754611036566 56.270864475756255
31.467694224830435 91.28364464775942
76.76339053476593 8.248577549540425
78.51094161861805 95.88054401820975
64.11339042844467 10.81508744524655
38.07139782640823 11.070892455656855
33.492400694094115 9.184925339388439
44.843315102107304 47.529345234134034
84.02356556130168 18.9351551810098
36.81424755746242 18.80910081437317
32.418151236188784 47.37356136477796
45.77989593824705 82.76076722896778
72.45356640191301 82.54537977284303
