114
8.446666388750257 75.49516860022096
31.667132461927515 80.99438363523345
5.427366581162197 43.23886877652537
20.974134294132718 67.10342146458272
84.19528949205194 58.214094239730954
83.8407877795001 22.054665498749205
39.78061540657561 52.30726319639124
47.998139715707055 83.11122204944537
11.727663843601132 74.63915904898488
81.25274360003688 52.11678473700968
74.17898639765184 28.769509202812326
13.548792161122513 80.7828915708419
23.04382929760669 88.34644270588419
2.9628620186410437 97.75890083166595
49.40304542961507 14.12625582429985
5.7087959999543525 0.35330275529564803
39.882141011725345 35.744731574859735
56.87728568719923 12.500107622892786
41.62544110950238 46.06860644800314
7.188404440126539 82.58360681961194
70.20270247809603 39.59413769195811
34.246077413807406 28.83383975012904
34.15126528801895 83.72619763301181
57.54458129614234 43.36636057383597
5.032683828199591 76.85267519939384
72.49196935289348 14.24970157087363
4.991906821278247 15.212593999467373
25.60593643815665 52.722941713666295
70.3333341806643 1.5765342519375558
46.232323700202556 43.69903490211987
90.03421017450366 13.534986446074226
65.11392980625051 41.54659011885814
18.18265726006093 29.694216111779582
31.114469558756173 52.555490278431115
53.38569436862287 53.67822378264806
58.94778104693194 36.930282514244695
30.375427865557647 94.52800812338845
66.2635607703917 63.69772863494138
66.76318563557537 88.36489785114694
51.82507024093438 74.49257410609941
10.449725115029063 26.049446478982897
52.42288072700486 91.86773400112351
49.40376909242661 4.6793184633369345
28.851498889284144 71.54622881409294
50.73348938794351 62.365760477127395
94.21844235842396 67.84696129949894
85.85029010939348 77.22044043136422
83.64220633658046 14.459487743515131
25.633814574878787 25.88422282146199
65.89778840077852 76.13402616450139
57.33471813150173 9.839781355173017
28.915059627399685 64.15210541000793
89.17878129654505 7.911802516887045
22.94476354410454 59.105239513992125
64.86705204277601 34.66150437273282
5.774412177946142 68.59131074368764
40.648309889097575 94.11200357809903
4.024879260122216 5.444627146618108
44.38805535570026 37.278576858800335
49.998868723334134 43.07964602331199
16.953308574822778 34.974673701536474
57.178512753203535 63.00061961808277
69.84022776718535 13.071510053247227
84.84084514519434 97.2010978653184
76.75666235938657 9.918544376877048
99.45752400857124 69.93342444996587
87.46284866811015 47.35983134260273
11.678281018160375 53.93472875354311
9.740645590200693 62.41562988286146
60.63375136230601 11.065964914402882
25.950456317787708 18.96115530748238
74.15670394213831 71.31724592084487
94.01101855615195 68.44514092353833
54.205138854440385 76.71617375368322
22.137044042814924 46.77411275902248
76.17599613708444 4.421474906141009
62.60742726762303 71.52475649700439
48.12995924303939 40.392568424961354
53.75112051256078 35.89472992957252
21.31584036357056 73.64250949469717
57.23434586449091 30.87829561903216
1.6248944669837062 24.595242663782745
5.471816737008151 88.788361636866
47.891230962123224 27.656378676936654
13.270059430773474 79.43790634004225
91.54850248750869 53.30731412193148
24.13475608876524 77.62623147193094
3.230515008590984 79.22948892174797
54.83212404653573 76.00318732481549
32.87228674730201 61.46955316207501
40.07625483469328 53.63234715727834
22.140480576438947 65.39367325373495
10.807964406698867 22.338107087289327
11.360563255901223 55.3032043862679
68.57522910284438 57.77309840900819
88.56650104605667 36.2936916721494
60.3530464444519 75.25118759917284
43.28809860048357 45.804929358599914
21.59261627938004 29.471073692857008
93.45488733615623 99.19232494129227
20.964663163022745 64.05417358972667
1.6171689028275926 93.42021947429342
27.876662065173917 38.9539589267166
91.60687231362822 96.22671634276905
17.349617688298103 45.759722956762616
55.58696450248684 0.0485860560829221
54.40876717930946 79.30124104010773
63.20898833648503 82.13935484804051
13.733229559711713 73.38967305686977
47.17715472142824 11.074309421225536
70.38917620025968 29.50492677728439
8.614626801390857 72.3832658085165
28.44724097048992 5.88212069250762
60.40612480190324 16.11662021471707
