156
90.24622427861924 6.375125481936827
71.22952236411398 22.671522827130662
43.08877193754096 22.784415701933558
72.31944076209243 4.191343846315377
86.8892197892549 39.95111732989515
37.00616904947884 39.91031301069167
31.56730196387134 69.32625492030049
21.020448712950856 84.7741202879647
63.32369861725871 73.90294649715125
19.208736593747354 55.215261474228996
40.41847467611473 32.81187083348283
36.136913631295066 70.33741636369612
16.802300625040225 66.32799686091138
71.64753702861688 25.969103122485905
50.06106553585026 59.826114141877525
76.43162496462172 53.37454026331419
26.89028342042136 23.197650641171673
55.027151980474876 26.580908085041933
10.719863268395269 43.13859341304712
59.55181737125387 34.44331341932898
38.37449355770843 43.24846923323634
47.713771497630745 62.210296655041766
58.87916173114457 86.51077113096768
63.62193226142014 63.880805698036866
30.993761467994986 62.452023436459605
14.725421690248751 20.709785426763073
11.417713157226006 23.583296259527252
14.823037508296311 50.96807401011871
59.223006061406004 32.368766787636304
98.83975088424091 4.550757544827855
96.49114067603531 90.24115906433833
82.53197305102286 75.31027804112207
82.69162523835311 50.455044010727775
30.87737242703117 22.894702732076965
68.69378701489602 46.272107846721
59.050472715307656 4.867832041495779
57.13679545608773 21.646939361193862
22.50076319208125 90.35034861533582
59.75127932167597 29.776692245804924
25.65464473600223 13.671930641117747
99.79068734109339 83.26407002497794
8.726573066158283 71.95020602174893
48.61374104494406 52.780100558261346
12.875348937009722 78.75777540537831
39.390517216476 97.73400132450121
78.0327007199784 0.19627104044002142
63.68163336705932 22.73197428202185
31.691751498368646 5.677801393266146
41.15254214351928 41.89212098099906
75.5711318030429 80.14226121038507
15.087087276845812 8.75772543560782
23.18569144662357 50.410732200733
43.1131510172837 67.76095184373561
70.30817677016626 98.9610669272119
90.79636328481514 51.647324891617785
98.18408713412047 71.83243280203254
77.7360458569526 83.60419139057103
96.51190400852308 8.660866062758322
63.45833935590601 75.88897485271787
14.057368706004603 78.51852908436393
62.69324552321574 20.970553183282693
26.92989695830571 79.3220552947353
42.61146327607549 94.97639513219292
70.52256888367593 53.6058939466579
78.80971313521725 55.92984590971957
6.134025034740864 59.08157713796515
28.41298314912839 83.66170815557726
36.320638959399666 4.503029849340123
49.659012367965396 70.91424421078139
93.0890801669235 96.38029256467713
68.45239116738705 62.72213716422775
70.06277345233816 49.22374241018955
16.58341117672294 67.47345418092382
6.796973248412874 67.2219365445191
17.658998768956003 77.49304915130709
77.46925815704812 6.643970248982578
79.90874000705543 20.96343707380616
99.34488531407298 59.68735664813711
98.63214115980337 8.98803632057622
86.45114720585408 48.464763875630865
49.51594420078046 13.832451268636737
9.703183961835594 89.91836611309739
45.78680619132718 30.211200478683164
42.40043570317592 40.912053587461315
61.26221133851195 49.64871074552744
80.83183578901877 36.72368102133847
37.50297177484933 33.84895836618671
85.35978394161066 21.99780774665031
9.50542816746519 3.620701785543834
88.58963113926988 55.33461884328569
43.80520565177296 70.89686099626842
25.09089951308866 70.62968228716446
98.02462708163809 9.062198477561124
17.383673775951024 5.996320397081845
44.76374460180662 64.28943266487667
52.35448191061201 58.89760841559073
43.87307639844457 67.88706963983482
13.49844211381127 14.395565637043372
87.34232593193767 71.575663949547
18.83552990672093 50.77979449508544
83.95846572510867 19.613812371140526
11.902280703227452 56.796821541217355
98.12245613163655 9.701650801076623
68.57043966754263 13.080798558897621
93.33492671103595 73.82614216022142
92.04766006861492 78.29030797455947
97.06781664230527 39.57391425376573
61.00818155938889 71.53627158926666
5.568925534802272 33.06615154989721
85.53153682802336 33.59028840062764
91.55310177976457 20.030168746051558
89.19303543670696 74.09261095723029
98.70988744143362 83.11391944340882
68.68382663701549 60.81231324711817
22.59208551217845 16.682951991060925
31.713825496039295 15.539322419502765
92.52902365403669 34.71468865101499
2.9283191908940243 42.95751507151391
37.47215564721629 12.19444984975775
65.60423191280982 87.50238628713421
99.73839013138799 69.17820374276936
41.76670100385776 83.00304522121066
52.58384230138853 67.03129820799101
66.45612608313152 4.55048752126288
68.25059996508128 53.754729564788775
78.95596898901509 90.16172670527794
99.45746075798458 30.408902250272806
24.06197711979433 48.902137932199565
15.697985709039896 14.698480532656955
15.04583342650827 38.25330477988034
85.73006198264288 55.51886200569409
15.697924213040505 83.54803240198844
48.81713448722369 52.75535975425877
1.0034223445890555 53.35096605990586
78.49818064334167 44.31093274163685
8.364145663795263 32.74169521981977
98.67129680531544 95.31524520592069
10.441559457308703 90.40880077185243
64.53765571296644 25.579331741278178
72.73107915586039 12.786095295185318
66.12406857343484 64.7196644037161
1.6465102375024188 22.236759838518662
63.432766238323666 79.84814800587804
63.329638372235266 17.10963657396415
95.4127938999054 76.5385433810661
13.908294198165482 61.11676826510654
19.91135102006478 7.62171828288526
6.553364076851398 30.308061096220527
13.689184922827192 97.96545395519324
8.910998276239756 91.51154094203748
14.883301187767062 9.861900851710303
3.0526660567806174 8.355466285589719
75.02041931961678 34.33953390745978
42.28600379541131 88.69086239440767
1.0275426671824128 11.287053674104207
65.2784241443624 95.6571838791306
