177
24.151765418327777 77.12882787066748
65.34870207804838 82.47704838771999
63.76477843117579 99.7223249152032
19.115118211464534 68.63779856968877
93.03890416175791 80.91103963043473
22.460040058166364 63.77033350549519
44.41662903714543 27.75343013313917
27.187471003708197 83.27196853014206
43.312719662894814 31.345626245040105
21.538234999861462 33.061844709317235
90.78046136885582 46.41740256550841
4.864942097441283 60.915352657129915
83.03468032787875 39.854526828965376
77.6170193905894 59.319473207275564
84.39124442180156 32.20463893052927
14.610022028626213 28.308160364520152
96.42193452705342 5.516070800252171
26.127693563024046 51.0921962199419
94.257800263365 72.34872024361246
36.32227448837977 73.71737194568803
67.97252246269302 1.113338670629327
22.832970706972556 87.76962100585098
6.525081595016513 8.910153264388166
19.1523924575305 45.24181132262213
2.3386433158762543 81.40112693031782
56.35765379110712 33.43597288883476
93.30150073362975 70.41378573585813
54.522447501785635 39.671303414617334
8.12330781598134 57.967079852231066
47.23649172864884 39.21784777947167
13.59124535919911 72.95334037895495
9.250261254885006 36.290948402373715
2.8885162068148174 33.59825732541829
30.39092800037547 15.157854473373034
37.42488770129483 68.41120957377625
84.31665380296877 7.263412167395577
92.61103406296222 9.094913418614158
91.76022592993532 40.01488550866637
14.409079839832673 62.46809390989778
97.4624545549331 38.15289565311064
55.266263520671814 40.7230476228016
76.71787052027315 54.464453904571066
39.28522127215385 82.80772560277462
33.10992764255002 39.821665837382
47.97985031711001 63.64777216799114
4.86471515566973 82.86634042989668
85.33600242628177 56.19821874455793
99.85763721770545 14.679447822165248
8.233050724347867 88.50630995519573
11.528946505331039 62.563104297097794
27.531674000510076 92.1940925171022
87.8996967510038 53.54349866365092
10.802587686331044 42.4911877715769
50.06714802758155 38.51409000392735
58.092446290540146 2.300413759768738
30.283563978953488 50.64092486917509
6.033753952924026 7.506214330708982
12.617466094312801 9.51336693552598
83.31555300571092 34.78835427811011
15.110394245250735 58.469206351563315
62.592907981667665 33.935543216836415
51.293070545562145 74.42105379106813
53.67194746771878 58.1297037130182
78.78573864831321 61.65191308303963
24.9431606832237 56.526703669741906
9.839152258355687 74.79928879643839
82.4321181823903 46.438004948581025
82.28622385417721 27.70699930302034
93.37497616933902 47.72641998730683
68.58704516754993 49.40119727385799
2.593854756828373 52.28331218113944
58.89397074557371 85.94276815959091
72.42057347158135 49.36052651835465
42.36672651180403 39.88247180079851
22.179514936460087 38.96744162717947
54.12957933267181 98.15665724550372
88.27874944951589 1.1195182409614701
11.542965160082531 93.13195041759262
64.84007389199544 98.88056417435855
35.87424643195084 66.54447553581205
83.58046138371219 66.10278401612678
44.198400261546425 93.3477438602066
52.63881848401151 81.02869971318452
40.81968990341759 35.93928074843898
16.086822408658985 5.371678936744784
91.09607593219944 11.008814043735015
53.679765751571786 95.54580460445312
17.079220652949168 77.77968504547297
77.98554581153961 69.99527753142408
7.737849678584496 23.19308447729943
93.53972780836189 55.4845968397082
58.32806443937606 4.470250150265387
42.82160312708668 96.02602530144405
8.715892984433127 11.221041087690764
36.0150891452369 8.429576091929524
94.58253119669432 5.816405866299856
58.88270746923827 53.27622278472328
54.842382298859015 12.616891317254774
9.86209945887293 7.982272179309713
24.72622048987446 95.84625203866172
34.906550987267295 48.136954379651456
21.175352517715584 53.28497088572418
59.17668097325613 76.8670941139521
55.871881445871395 65.16384825784294
52.59870845043303 63.24603023091417
5.964126203973907 47.518208994495446
68.40858252998932 31.444046949948646
42.93031305614018 24.582345360452095
5.199335915832403 46.20125809527052
95.04726189594882 31.81347726150535
89.42285005296358 94.76842586101958
17.482564419263134 25.002041580906386
9.909838594156007 38.93091899174441
64.19073497067915 59.445219867764486
0.4868278915660107 53.4831861119643
79.17600694513592 78.76078877866784
13.133560308452708 73.69270905688533
24.33162024917095 20.32757059975363
46.817115850608026 71.8839258910917
15.652349161852309 23.85076461496619
11.754931116665512 14.393826873407278
76.66341717395215 84.04634811926228
52.082443290752586 4.858941646382031
26.3126701171708 47.23202416316204
39.025206388005294 9.20865049216415
84.08750556731529 33.95173729251677
98.21637634647414 82.90840063665416
71.93588771971025 82.780581435209
44.115374508049484 3.0812680168863738
24.90119525219694 69.96141588854937
78.60412405229806 55.42838959534997
51.16556084677904 97.20370060756589
52.8959354100034 89.53432387519784
87.32199271323054 33.94590914696718
49.14269310384402 95.76107380562951
88.65835376976506 49.922097941463406
55.93991103076493 81.83814375052845
37.99461118625713 61.04059253560023
71.07144877182726 97.42103769090006
12.613265878046986 53.33861730922561
35.43945021070907 32.84259608963834
16.193475443287532 42.615957568088845
64.24247751907805 3.086576871636315
95.56508253781209 77.55830391789665
33.98455957109844 77.3409595470394
51.22743149397194 60.32806332604142
30.629710586823432 5.234295339458683
24.415374203969588 6.484759513714778
76.84878018268716 78.60693983703503
41.0514465451611 55.70114300421929
28.519812384370415 17.58945349126668
93.18827679486603 94.94635542062531
49.60154489772973 43.782822519497934
51.20723430498507 1.3748590129523897
99.23444862701066 68.63784684080107
67.37274484331182 60.98784755474011
93.79568486311904 64.98941728671794
92.60895204423865 75.25155878033983
1.2433501477066122 81.84152886353247
65.19854407769772 48.04690824495571
64.86759364672544 29.60600868561748
75.84173798286797 48.12995763889416
46.47938637105913 61.428903646893396
38.15785022588912 96.17035833543048
27.90498524349716 47.455914298730825
89.57837894006626 41.92818030087667
93.65671206844101 73.36874416475018
25.977870392283762 90.5610094867403
71.2505547111445 19.803774281326238
0.4229554558682791 18.014647741029254
65.23988021545232 84.91726879689094
42.465622443307794 42.30190504591875
30.806293417869067 64.05402499347065
65.16661129593776 21.816300351672613
71.87945998259357 25.244906781582
58.371561949455995 36.738964742262844
99.70764113589097 65.9406460394906
