135
79.68179736791718 83.26437484012624
92.91508488206571 81.65662552356142
29.90550887457265 42.46001206421731
31.893273700859194 24.71295505437189
61.717625361214715 27.4477097990944
8.860537305921824 21.145758357040524
81.76044671136259 11.667194731635034
82.71128372495528 93.19584697465882
77.35355169092435 72.80704711444254
42.00432724701708 61.70108580028062
56.70312203994266 19.040956128328055
86.20386745046545 89.58504072911919
29.6067427838009 4.545220654590032
49.868253742547594 39.048789604801925
49.14572591947572 54.49185249035398
87.35358829280368 24.874158204814833
54.49309742936925 56.802213516214906
52.438690741141045 15.74678928011557
0.9999213332595902 47.24121063136315
83.05876254275498 27.648921575016207
83.58397849065892 5.379378035880045
23.12114238266264 44.77932219799471
88.64690240334177 37.323449983551505
52.20918369063232 26.10325328497487
42.565493147250656 10.773479517558293
19.80762565336961 93.0354555114059
50.63574460310976 87.56026769962382
79.23408969308376 77.0287878244006
93.50364181694431 20.387597391364253
49.54396232232574 91.64342869491252
12.651791892695275 31.76048760870548
52.19652140437123 95.49097906165946
23.56526529376127 66.71345499027986
61.558211534232264 44.44475245912797
94.86473532381027 19.270553796752267
58.605405568808166 54.68855897717262
99.31119932055333 75.66921407641588
6.666238495999577 47.051931988482934
61.79860647701816 77.58546066573103
41.081036618536245 18.343737307465467
52.01856331346103 22.45803745328522
59.8116970674337 23.101501637015065
98.30784732865204 69.06314354829698
4.539422205345057 5.499147495116031
18.143381339457278 49.60198149430237
2.768412479685267 99.32955462340848
79.19196939938182 22.43157199359417
68.74868723412216 20.74772986249552
98.08898088467852 55.94326158970316
7.1775760428630875 40.0768696367209
33.779102099672954 49.68199252523424
52.48244976585731 12.779880419926847
33.025575979372334 71.62983768152263
40.745166427510036 53.62623267474551
56.55790536311704 70.96280024002093
85.54687554887579 6.502849737420258
0.6878471562520305 11.468100227557121
86.19896447487434 64.44207259048702
33.25170579008761 3.0536062325721147
3.318657911795031 22.43846298341019
48.971929845114595 11.982020645425074
97.00663382400266 74.78462501787367
52.41238869352421 74.61861849604153
74.89084900376719 84.17732206175229
78.07886812940674 75.65518721459996
37.67197342681359 44.052173418606934
99.08386894109734 74.22475883964559
37.99733785283168 28.90064887662548
68.92511649012927 14.857776250187193
16.650251787939176 17.187418640320086
57.17646781262285 35.21616011327775
61.03041407940696 30.649110768657895
7.568724684378003 16.070680778511072
56.17260457698152 65.59457439503772
48.060847607343746 33.24330678207256
67.22089454615666 47.168969855985196
35.401974291739535 20.593828804988057
12.006123813194625 28.197386304027305
77.43355425218579 29.3430830262695
98.64648584193259 81.03391161466341
85.14440741124308 63.87758353679127
4.862487665646043 96.45867350523794
25.39832053118819 98.37219402033027
17.92308361552327 2.278177516712787
58.018317070477856 51.271368864330654
49.01871288567191 1.307379759282068
18.62970359471292 59.892044191701
64.19488724523609 49.740030480589084
83.70652357697858 70.81635531410785
18.735987041116676 99.47379073607195
60.06364413963446 31.629555117956865
44.29556249140575 93.19003986004333
67.8748788992046 88.8625124541825
46.543019324961385 45.30273359023108
20.091592732306484 86.6923127664735
42.22303545075994 33.84970859433503
64.15578918571815 9.959354644924778
21.86845026601494 49.83938433679167
63.82290335778923 57.673618468336805
96.63961169766628 45.30309344783182
94.36517122507705 74.59651191912313
99.32884571739899 20.473456727208163
76.71079832227335 22.79809846811498
90.80038915966185 22.224596459301292
75.8633480551003 37.57511077459351
73.17045482634299 72.3812952630734
57.31584549747238 31.6827584988985
63.188558513722256 27.77058892255799
82.41992068329235 0.8848722929841069
88.15134851905484 57.392578100842684
1.13629174928217 82.70982315877433
40.583253603691446 18.5976932183027
54.87957830780291 19.711401257963335
89.95429707371864 23.465543082609297
12.786786908265224 92.1645168051896
82.2318345124044 38.11435597036885
67.72852415569294 77.74577528976849
46.10126833087924 58.93722571909464
75.24609248157616 59.44673119406442
71.40225137042543 56.81153705011535
44.11136806207472 63.742409354426364
74.24896407867571 47.19467445831381
0.3131354231672212 79.38565426539131
21.730238758455666 34.942678570527185
22.667826728255946 55.73334712188549
64.41665968599067 70.3525574652578
42.23512773734076 95.27097442097487
42.50716411396155 55.432996817662946
27.58114995603703 86.05975268260653
20.212500828477342 12.036036246142912
98.5231380510316 99.83626607162195
66.78397685806048 17.095603765285937
78.48286369064458 78.93259904372621
51.88159348097419 90.23015184310283
36.46235472662484 8.609876612207612
