107
91.9020208020319 90.57685902956075
73.36852722739529 97.40600422027316
83.92430540939347 56.45529018629538
44.51297509019078 8.548274396224741
44.96030287644993 36.961526746465466
63.581409803884284 14.270715977675419
76.88997694426278 39.890057194155894
51.773029309523 44.30361992401155
88.27494869640624 7.011208026283644
59.03926224866024 63.21231794920015
9.650754753330816 96.63072860903489
97.03174425495149 28.14794977470725
15.622602316852719 49.7370443163127
36.69390260591925 89.27152546063905
57.69168653843616 42.70370267697815
31.817868449003626 39.170198270227594
13.303612078563898 6.562854808351992
73.94827858284701 49.86194205387605
47.859287751551584 60.713258146237926
97.7548095185692 56.26604656149884
82.4627665886737 12.487183960680937
11.313703469295444 88.5460215936066
59.44248221980486 41.763691517446745
9.279959072330557 32.61521613450689
22.636190681578906 69.45414876403458
47.49952008372489 89.00311902816266
36.35775886966154 84.16463880361921
36.73374445402581 91.58941354194377
99.02553525361988 11.557097900403178
39.40865311435691 15.973211299464275
72.80321800443595 73.87378762649352
75.1148757067343 71.43901764849382
47.09834086751188 85.69929593181217
59.00270486303031 20.173759437440687
84.35511914159389 35.63943430715819
27.81637250391027 51.92661003095193
36.75799473628359 23.597122538703264
34.259984971913774 47.066227643705425
36.606774243520455 43.89962636427046
99.40009919490944 97.11440602641566
36.210495455366974 51.90548008818428
44.91451941114987 79.66162228070797
14.218104891429185 68.05623543059455
63.74750300707822 55.17781416446218
18.05987467802059 54.961717392501605
11.945254053132492 16.473074255108735
35.26911462647564 12.128080116528928
46.88629206181538 17.17614464145143
80.3403646014723 21.61949506945825
56.63741100081613 16.658017343540187
80.40685093580666 2.51625551572201
98.29839058894991 71.72979257436619
53.31790516414892 28.72017785220251
85.37942416743317 94.79792979416982
81.15502878108555 5.9418411636725015
16.279843941899543 78.95440365170435
63.73560574229106 47.94764746036366
0.12795932903936214 43.80068203687034
85.30071913813433 18.390027984627654
13.15092594625269 10.779318587898368
49.75178003116477 44.08723695128066
30.117845745444615 44.815486405701236
69.4955554309716 66.73414910426213
34.07027080432847 75.01082284004487
50.29884367450877 25.147644222404953
22.293746974568673 35.03966028424984
4.673965892519849 20.717446515836123
90.35990145168672 99.91508803271682
48.767775731488975 11.719276107841791
41.50929967633068 59.280263826735066
98.43991946553008 12.014829865008503
6.1279825538202 34.22484640483492
61.96965944493811 43.40355960970395
95.43675000339901 14.36927486738534
75.37528082604781 20.29359123624558
98.802707897533 31.44674291596099
59.622464379968065 17.388006312358495
43.67870823563571 57.81940972253932
54.5023648344106 1.7893604056508639
56.18471471262081 51.840221590428236
77.21245528712547 24.308853448861566
82.26665795620455 39.56854978976669
86.44960120629172 59.751650824553
1.8688555060936696 55.46592390796524
34.06850066143902 7.352214841982152
62.194745579602504 41.20402027964795
81.64043109995104 95.13720572943515
9.38612786917724 46.42522005746048
43.04348745353922 52.91776639940217
6.920040231820879 49.40410989856585
59.83047884544619 88.35804919333806
1.5270924009699538 72.86149711445404
38.67237083503699 36.12896793918521
54.525099051615975 60.019443531541526
85.32056878671114 3.6437008509930258
62.614364861894764 38.586528494117914
22.556849299410263 54.45779073587631
69.54915453060195 31.14380899683332
41.88174435852008 16.419384769529778
87.27526956358805 12.433582178069669
61.22016713434718 5.168925781418432
86.31305867505242 87.33010042704097
96.33509955451511 5.02105680881747
49.62995781390166 44.9615226267381
39.48270026191666 39.23873199191548
4.342296858716832 71.13950002940408
18.54249817587853 89.32387386693684
