147
5.387738180235169 72.378731497625
24.638773534894764 0.6282516208837685
26.09339748285674 38.88098765960368
77.38380195826342 44.32443919885658
42.24795224993373 14.184147338796137
98.16435487588832 87.78331354259346
10.637254290682208 1.8817307937175731
56.22092767632873 99.76205638547374
7.473948972277478 1.4739813702558835
70.66405561470927 48.38396482984248
27.405315848832657 94.4694724816721
40.26401706491816 53.641581682904814
58.91289100057004 21.793305563154174
36.503653575272565 23.163366316870913
38.275901961279835 63.88108758317216
25.788276201911053 49.930263477647884
25.85141430291864 72.54944928340261
10.837650331979464 2.2130935002591223
74.50814932779215 27.033512057421728
9.356734045770631 44.98000305941117
13.313658458841838 35.78282631548014
86.86524955092165 65.72755288618578
85.17504053936138 31.134189991134797
5.783116260549049 19.48092440177932
0.08652655563081701 87.65491168444306
49.494217037250365 61.20107148136938
80.85125706497041 76.4623519788137
64.88967992671411 31.69820876846744
17.004654061477844 5.361330987522517
51.874013242423345 72.0586724099017
13.111696135043227 80.61920458732341
48.13065387768479 5.604819798781168
4.236539294321373 50.85975154034927
73.25333810501607 32.041354803453615
73.76406241865513 2.8331355878946196
4.758725129724938 42.54438766666887
21.50082394455416 94.92086870584146
82.02347260799915 60.60853829931359
63.96784301890419 33.04396080083689
16.331384392443915 85.64037390789032
61.17669447339845 48.73833670512943
17.778505002418665 75.79848862292306
41.61322790025026 40.88577617924699
41.02459177771123 27.164957199374506
3.6023746190036565 38.0790117896333
47.09564263093032 21.257149147651944
53.58096561709536 95.43236440106055
82.46274925609652 69.04763152420475
93.61176819945737 53.832852981815314
67.34895687886014 60.59488688825739
43.83181642800229 15.44060395013065
69.19032767365384 84.17541770308713
14.601484487019679 0.55504758878967
69.00239831130521 63.443881200623245
79.02023264723809 82.46828304299184
30.64823661871251 87.16126680652698
15.507609982911008 22.677120345954528
69.54533561853133 74.60369262940213
31.19290787001069 3.5416059031981195
17.846235428932346 56.8078341643689
35.92713675301324 19.848316124683596
22.617193258087475 12.828141841665374
92.66179725243254 28.809734824567123
52.89456152956782 13.389133541848308
38.22515106349964 7.9629077878006544
63.6015258616454 64.8767202778306
44.97221462989095 44.33781722001785
90.61820304380996 81.67165220965362
29.772230347448993 62.178285142192166
65.13346031173955 74.07599214437569
35.444521013259575 14.340897702465016
67.84198670074927 82.05628129750947
43.51669175933134 19.719023399080438
91.01811955137323 24.365239976820508
36.17688489548638 14.713841005163165
80.70969512400798 61.20393721696248
3.3925297827385625 80.23512951281877
51.32106180124575 92.19753938431512
10.68285597799894 5.122024426521465
4.684603249683517 22.58968258233499
77.72829733000577 52.523875878452955
91.53723234704864 65.5329810711881
40.443802074790405 17.795059395293066
90.57205175969875 35.18744467731775
81.19428928655867 53.45512568567473
81.56771105770193 52.02060424441951
71.74298613675012 42.56469018200333
58.16898340700547 6.194473185240545
21.977512515560417 24.46703409773444
40.18764846696611 72.86793201263993
31.410485726574066 80.49640554983564
90.06288154561098 89.24127008572324
20.11719451679198 19.638008150026298
18.966205983142693 70.32715888434132
51.278389797984005 43.226542591404794
93.14269140593154 11.286682764775978
52.90089764954543 22.055436176818
49.910458269688704 6.474883750842264
54.158121316552 87.04778384738519
82.62161748287927 61.92272395391601
78.15475671308074 38.16910080809151
3.386225390060005 14.266952903683649
77.07013023255593 19.175720453374435
22.08722647066329 85.88072913571698
60.1915300421341 52.48222723672159
29.366545992674087 12.780022955471582
87.40481952029482 47.7511211830352
77.87496924317648 11.122964455950314
54.08686937219039 80.95342143644505
56.95972146930339 56.69307987905577
39.85389203696164 63.61565920254797
50.23469071608753 28.32139624446587
58.233727630267154 62.1653320029859
15.150226113996478 28.164384245650854
15.141836432193278 29.48957603664851
57.282953621591304 12.956462565973492
43.41960467291559 61.494397890814035
9.476369133760143 50.393430940868924
25.262085369471187 90.07430938541746
86.16265921116087 13.910180317384935
24.821808222198882 57.705813638582335
79.43960191327407 70.03479527754614
47.53656605960149 50.93999523373943
46.367224006472085 8.808074118771492
43.69515740008815 94.80577281494806
95.96709409020299 17.057371652471844
83.97176237550453 85.46310236663699
21.998612508782458 61.674853037673394
40.787508679067464 93.37501720843322
33.621728208444125 44.6761701395775
22.49061827583421 45.99826470104645
4.328717774231539 51.984592596336135
78.20346225616176 33.954405567633664
43.42994332362227 54.81314882163599
19.005454380113264 83.94901364562328
7.261672750809667 53.563112760392514
28.146379650580922 32.18329784364674
68.74286932560254 91.28213198824724
19.00676609413029 22.885803756999813
14.829199446921015 52.01728656999911
54.38209742017871 21.85232971466999
11.113302782729662 57.44659819447162
95.9147513881921 24.189750230640104
21.51493794656637 16.133898395755754
14.820564016416915 88.31997696304103
11.73605829588562 83.0238648271238
72.21254906115885 57.02886006467747
