127
87.16854176433098 45.80816021869815
56.80029586500612 11.642557155964074
78.42595743149545 60.14064336951262
44.54986253426591 32.17729424639618
23.485400284084378 20.35161030011725
14.258876553229893 4.889614321312042
49.33915225272446 93.91895780676886
87.83557141898066 82.75429237045964
39.90799048165984 86.2296447475592
23.418508097031175 54.542891404334334
16.013558243136895 76.05120440898617
73.29220476607969 27.733057965252083
79.5650869703147 59.9702679866589
62.15337963204912 16.17686514781125
57.38902513868782 80.30173534605753
70.84435436414493 96.85196418379651
18.599642583853658 69.70595471313575
55.26970244672535 69.80202996967482
39.42517406383579 71.67901427909962
13.415552142897113 51.74562789756699
17.101606685481276 81.87922938150548
2.7005309969447833 93.44164794685415
57.213960751578185 59.08050507707342
70.1361121218297 58.69282624496858
77.56249276352094 13.238411433270015
20.92733176446059 82.48478157503918
63.699773458126444 25.09284468080393
50.52673076779357 22.605907835665427
92.15878251624257 97.62765329177292
12.580795393162559 17.09404922373815
13.737808469337253 23.194471987201503
47.92312015046494 65.54925765659189
95.24861691120832 55.58787359137728
31.675165412763782 19.467865642911384
63.78165830799433 7.405832742522578
6.533849157790305 80.31902646365388
61.561258687588094 12.394588650194404
69.40996594860414 58.32591758550204
78.54543758040808 68.12949099046502
28.122098666508478 90.199408149053
38.86521854256579 36.1790483469692
68.2713962545848 28.32999044077248
21.15934348513043 97.02214836814663
21.007804640242377 54.03879275305796
4.010598280301836 28.395579115726544
10.118601047596243 23.31129367569902
15.178714349666533 85.31198615198173
31.014537021242784 52.771462067299765
20.56566679532288 36.87650508153298
86.8734528884635 8.026491427316163
30.393885340365145 99.68225882393321
88.3752119693116 20.29289614118325
41.00392672506824 22.683093152215882
5.76233475564516 9.48433752469895
35.33336525616241 36.9416585552684
94.16189388059321 87.38195094050083
67.3219196568323 70.7036223625154
59.937579195201415 2.858950003196181
44.53787110384597 54.67493196498098
57.6250341862786 8.119673676726524
26.472214950849626 68.82535888019345
6.2603130287932185 46.91417867955153
80.87039577500195 20.6133340780708
4.793172322063411 37.30762340489201
51.70042070396853 38.94571825557518
41.19644670255915 79.601881717998
12.541412648652717 96.66150533575266
51.76156690911724 82.6544092686151
36.76821912251729 65.21290931149724
83.23269813471406 22.076930569202467
79.03454416516735 66.00733391183799
65.70018450885577 64.9955771754839
2.8111289260282613 43.334012079958804
12.208012109285448 91.47625908563094
28.179260864039758 78.62422831494995
40.26287555730412 45.04706696904991
94.06922378215718 17.293962173574585
67.51587402572754 37.14349442818826
32.57833340007944 45.35388753161356
49.45577810792938 47.224663776954976
99.9030408763291 13.139982313928744
92.54947124105412 56.1438995557339
11.684954034320205 52.6429658222864
7.931580780224678 75.71720465689408
13.761392512177729 81.62559331422203
91.65125753932763 36.668030113819384
59.91405690453645 55.8132155499859
12.471503996716915 10.820065556676639
83.09300379987916 86.91843998349763
32.1720858730588 17.956830227716058
7.416953691209671 39.94446103709096
34.961446653670905 41.219816039973345
58.51857527875638 35.04882325590657
78.47879088264743 92.67515814772293
44.879382572123724 87.67283691567347
96.92644228180173 32.91248926653867
26.203264245075598 17.985029195790204
45.487426515660154 7.936116682424698
63.068226513459166 13.085758202214015
53.9876649693704 35.87421908389579
70.74241123258344 99.15480085696107
21.660340201301487 60.06381573538929
94.76535842539285 97.15164856100415
46.60152688647027 87.71234624857213
17.05849417026466 47.123335037308244
30.122868826495097 9.83432169987707
92.23299056524475 21.449195262561883
6.57018186020114 24.234506292582935
23.765977832796192 41.96060382180811
86.36542429762238 82.17091526980559
61.67563000694892 99.08229555868006
97.96659591432176 13.517729872847061
43.792575349231065 66.54679444918642
76.92800253311536 64.47006119255731
47.77112573986423 89.33514801924004
15.789254127407947 84.48491966198773
52.19452673163314 27.19650587243332
31.941726107041646 82.04497432173304
92.05715457510416 41.0880955122411
56.81669546534807 81.8538577550091
66.15873952226585 35.04677134942168
95.21744901671725 81.88739101429348
63.35379940755698 30.701171038140483
41.16841326975543 15.324696331037902
60.80497738404522 43.445499087668736
7.580131140361946 79.42519524322105
18.204695857532716 35.565929469416034
