128
20.891465981642565 46.1113057662092
72.88319349157815 9.110628727545345
17.47711318948645 63.68892712184714
5.663930212963065 82.62795977961152
21.61813096832472 35.3944861171845
78.5190896331259 76.04924584272929
24.060105320896152 63.11229480659478
79.88569336524317 39.7980112885311
28.178223458402908 65.28083158749644
34.270983292741676 8.896570420537186
32.66157099071915 42.999035045706734
41.89347227703929 5.806158308830867
49.789728850910066 83.94382666660404
34.51934841592982 28.25012868472613
37.71618682911675 99.6672843781718
81.38485464845525 35.816829833740805
1.848830948250435 0.3182401876296481
63.55172213453626 93.99921261173108
5.24270873972551 34.17243020858699
20.47453932571659 83.56799329389244
4.443499451720068 80.9799027627781
59.95719621915405 83.83990085318777
32.24925993352931 55.53894733729542
89.38820721965519 1.4837360798923838
95.12556368241437 22.59558409172594
74.69229059947094 42.5588547000581
64.92753673543184 74.17950158032076
68.47459369867603 74.21569920906539
84.90159417390556 37.504857539358426
6.288573297603694 28.072466379252724
72.58635821505605 44.47009392266745
35.92246110912085 54.588496506191554
67.84611690245954 15.831097326132538
19.85115137684945 5.070610339299774
56.239680497600496 57.362733931105005
75.00121649044696 80.46671772165787
28.748754588979818 25.115532679798513
45.160833651992085 61.77728428842863
27.947341760328637 61.15322169802712
60.873579300585725 57.640330820385735
66.19824065175206 63.76918253485505
94.83884257078596 51.43403859375185
72.61569118475506 95.30597511268843
34.56302495057339 64.04621275526927
99.87511654422853 21.173086843275602
5.225431008068759 19.329728286586988
89.99191854054926 4.779695493711767
65.35454798691687 55.02697506645463
4.242071761628274 11.752420239949545
51.98887025412818 56.53047999015819
85.3802298107493 38.6356676115727
84.33398172013754 92.45081575146604
91.06336289517299 60.1685334066834
49.12395174110104 24.12106879266105
11.521024928421596 92.92694634198794
19.30020758536044 24.85974213496943
28.831100193343705 78.317799199272
24.284401553156453 55.879813495647646
78.52847861516075 67.58056203612983
58.115505192964775 88.17922646684293
79.78432189821024 38.98292983531493
92.3241954338003 65.82844908481373
0.7284109349392831 75.90685870325126
71.81350581800984 63.37655967641487
15.02533467423104 4.608285520354438
20.75141756194735 58.21861975775685
99.85436922864433 89.84974398054445
79.34559248225766 68.21426542279288
6.532192346453025 42.419808343801314
50.44205957868512 78.88095249848763
15.929805444861078 50.163111249666905
86.60461107454552 95.81596339757968
92.63321190563221 76.88595078894494
18.8769143051845 12.135038946582977
56.73891481935923 5.5919437113080335
42.40754707999618 37.1343709105666
31.996334762649415 51.5618772400523
26.757804141200513 40.56683340543766
95.68296599273117 50.846205962303124
4.173344439470894 31.42558016724498
94.81079132626023 9.399754976458741
82.05449392887039 11.109541231243114
85.37086360028138 0.5658151064114825
17.89409078885963 18.13019681912348
48.637958432811445 12.779861720937092
20.976186460769654 75.91024294334157
63.28541010628872 59.33434337738579
79.59361041918403 48.28976189998723
49.06356781224683 80.67095782211042
7.051131493406027 88.62101291779493
96.70344284118359 82.92067680280435
78.32841761221987 48.97985232617078
46.37246863304853 54.17350324489904
68.86013103204996 93.85526797160392
30.69399645222847 35.52241519194861
62.36212405196635 29.35692253419039
4.657288198668597 75.1704902166764
44.17470631497699 73.63938403286652
34.08202622284685 63.88128581007301
36.735806692175224 98.46081237708441
46.96163734925136 63.288155042014196
18.30916003111458 94.71660197511527
84.92854986330504 52.785928313855294
5.126613087374232 98.47775089782074
44.61693263914681 6.731075628628213
31.485985792856617 67.97075036584246
74.4222757561195 79.37552773046521
55.07519856185101 22.253457191029568
46.553326555174245 40.19623719550464
70.28865814444599 22.760788957531208
66.74441137975043 76.93441955005127
74.13682788373117 76.63830910389402
79.79745907935019 50.708315597147845
28.12141480780762 59.52937975797398
80.54337081961489 24.372075547101336
26.28518195288678 37.96498757169612
36.916710771721405 24.778105731750422
60.59180381131285 72.84254067064427
12.89231612244085 29.641084880652755
60.85270362230881 91.82268766756965
77.8827667140716 86.80637678875644
23.871148961327894 12.173477064997451
33.70980352959679 6.7263886990615145
37.34975048476997 58.55245542150968
89.70230902836836 82.94430065353036
38.150903310046616 72.66995292257097
12.498060710153158 89.81538500887542
76.23443813514243 65.05423836507556
