158
18.938253998284114 76.71676683499568
24.491512146229933 55.22749712891498
13.355218904992372 64.32875798629793
61.072454421136904 86.20746936627611
64.8347784075972 76.7636541236438
57.2359965485355 78.60818339032771
94.7085050398272 34.08911852456718
31.539861559225546 36.76860466148084
24.0376017820074 31.925063370267036
7.293190391777871 41.87991861190857
15.265069028069423 44.70810627996076
69.11755384307699 66.78375024787738
87.14361048400026 75.21134149365804
88.1434985877493 77.32609545466875
87.5202227757552 99.76324501469303
46.367741358590486 57.11114383792623
2.3615595792984223 94.3275552135522
62.712347478400176 39.15733923367336
25.963204677676366 4.472844074814775
89.70118776406376 40.863009498491884
5.139680223427412 3.994982602095265
3.886142273769455 27.330165649225858
67.95770995523952 27.702861310120518
68.00571946457669 66.50819081490258
76.84042791455241 93.79861483716374
53.48275590956979 8.378926583509783
98.61880946344931 53.85420791295717
42.659957930316686 82.40998962944305
48.292144679645986 75.67739265025737
99.03119636168391 17.022033188072072
78.47711591439608 35.18883929497936
58.593706469275496 79.81632240238437
4.438704035101559 58.02497531208718
88.39516214837887 18.682494339313838
36.57292696485518 92.284942231073
41.488414078099986 26.58387326275957
99.67228747229827 38.75826958262507
17.414594522897985 50.474031340533934
1.6444846722211581 68.61445915215317
4.01082202877091 69.6546241150266
1.1545076893638262 31.370448432501764
90.95364143315847 14.98451544384568
16.41281664720825 25.41749756011957
63.39463189242007 2.5923308593437056
9.237731849782216 34.762068061997866
39.093900485427966 13.67887658681518
64.36095404451187 33.646159295354764
80.2740325413963 69.57264627331087
78.89448357823531 23.715337229101372
10.584185888032916 16.786979498225783
12.021486865129894 49.22883236825927
3.8158090071365836 79.2884403780888
61.80351470334018 40.422422958844294
0.6471372155841038 75.69507579651648
64.19440794694654 16.891431749233142
98.36838482331734 8.287790522093974
66.20444140707342 55.37371384403337
44.68028066501425 28.081424582542336
90.90641162399268 96.15667230550132
38.60138786857165 62.694641881137905
1.9535856586965106 31.448593171576345
43.57836285664527 11.668355407660624
96.81047540992668 66.97679569740804
43.221309326815124 94.2619719791196
75.73689510570183 81.26061902745788
79.88098434708253 65.14043400821544
52.97658286380253 59.457277761153236
50.07016094669823 22.677919715888205
82.57131976329475 81.45679689158727
91.38199236612695 28.735411494358853
95.03942771273954 14.726608227956483
59.689278440917946 17.2169660738718
30.319667189151556 98.75097975959414
67.64020714132994 57.859862418088866
56.664010280806586 48.705931889292245
30.16248897695226 95.95336372411643
2.754885922257666 28.30539329482854
63.5831241646993 62.078598073943866
53.17793915016157 71.60062129976995
79.77906396334619 73.1133458291854
50.47521587931051 74.44697813701318
26.87221349205379 7.6550304065405195
49.402113229780596 23.43911062268742
27.89957917841679 66.82270511643253
44.069141334736436 65.10953854998111
23.605304963970642 25.491318004781625
62.4751029746018 36.62263411156811
50.87599151003904 93.15049217520594
87.73832651825396 92.1803324936483
8.471691846684726 86.05952044676769
5.8020812299969915 76.4940328546785
68.11614473845404 61.59844392086987
54.00345734235018 16.119975415182296
63.81583091178092 4.024927546934498
51.81657086057964 83.70366174504797
14.486291274680474 59.76921029103496
88.54483701881506 83.83634735283793
79.73592790420453 0.0794204171213786
28.31130928662169 35.02564454291349
85.42977599167062 5.61018343201638
98.29617923109433 41.52228500251316
54.35972188038979 5.268664057619721
9.259905488978381 0.15643447258911758
72.94636550466905 47.073558558798325
37.51614225337217 90.15057616438423
97.7538660775015 16.141954791994717
5.846217455589886 6.60563829314359
76.57763296715882 44.789620130670485
31.45339443240539 89.62288148356946
43.57216450681178 21.033152687394676
11.363102484656196 92.21868535344404
20.944398367792406 51.21096101890392
96.63539579567174 83.93725542829664
50.03828373607742 98.01981042155805
12.03358579620286 77.23126993787254
57.014236270976205 45.43676650525409
93.27023299055558 37.659336143562506
52.2992273639897 46.58505312110347
54.94792542951256 74.23941715229006
77.13525743504962 64.66358127148854
96.16344201409075 95.09750533171368
9.50361512683211 78.73969380226708
87.26085829137145 29.400650283481355
39.46384266101545 23.586568773666205
33.417469241835626 53.980945540819725
54.81308558887318 91.55450438674468
96.48039656464822 8.668003391253354
22.74426214936236 74.1833578318164
71.14517325112035 24.87691838838506
44.7705344700888 31.53619375842781
93.71113480900661 64.72323851445987
2.324338973674578 53.18591462274006
94.69639195964851 17.60339744263427
14.098075750524863 33.72333616940843
81.35096753530776 76.54790076208508
68.44526110868632 82.13113100016078
18.019921580100096 32.54487284183987
27.85881186532113 0.44865099073512216
15.391824739817784 70.22504046198699
33.56912989073133 73.90836053985137
95.7930110961896 0.13485075711114902
26.445169511917232 78.79590100331615
38.28807997447564 26.87660493581543
10.790734000353075 72.15298169832613
15.352738578558867 55.71041705694974
39.269066597971694 1.0349669914413773
25.78614531124489 65.45559134557672
59.01279021179051 47.24062506919376
12.820374400770017 31.117848881163702
49.68318325313666 71.31387759163688
61.39032660594683 73.0284242763835
26.36281536440299 55.11995430857497
39.03249306501313 9.78789573274409
4.997174200909049 39.80466693844675
41.65420717309052 11.333851487912483
93.49184174377068 74.27797743707204
36.52700958121839 24.423544486078885
87.23983183544311 38.2654284421764
