144
53.73515118928409 80.52479271158751
18.764517327183803 32.40473214882413
13.461414837133368 70.959314155063
17.017169108046893 22.969939407514506
90.49019281582548 76.7626033584708
85.81203223737927 45.6291143548525
97.26611265010281 91.58556132528524
29.37797835257314 32.54331643358519
54.60617376817919 76.0892982427161
1.9195617937881715 40.422996284710585
56.7482189739712 80.363653819113
33.45003930209744 25.67350246341227
35.566196137929474 91.80763838961124
55.22699063092688 37.2371941912106
38.047789872801474 56.93176828997583
75.39202595261305 64.5346761904878
89.07781026976276 7.0091938251030665
1.3133717134253153 70.85236931380818
63.37406238406958 80.20844121706774
77.70245583606227 25.464742620173098
54.4258750751689 49.58631404519854
48.73818623439511 33.44647106909539
49.02840913703118 11.986795246862725
16.293812008299714 53.655772880815015
54.805970850950345 23.9426774674673
40.25523376756982 56.897980283439175
83.53172103775938 39.27328339716113
67.0340513975126 13.360316016408413
45.91288162390042 23.75419361512957
18.896255855558675 12.844077787476104
91.8758908809413 31.27400920488371
49.45454690652487 93.59478465243492
86.22218649138227 42.619651106314095
39.732840647409596 46.58691629446533
49.53562835500256 60.20055436722972
52.95476800438744 25.873009250172185
88.182447162114 2.3603769916820894
6.834481691630789 98.56340269221965
54.30409288750386 72.68879616997049
59.49782070518138 32.40026073608683
64.24549737973886 84.31959606098295
55.36714838484779 29.671119173459726
79.52308927398806 94.7781934546414
56.83013034677751 13.399611281008394
70.6207588682992 93.10394206658826
48.8848751856396 94.53637762195196
96.23821196961431 89.62365203736847
70.45194974656995 78.36095542243336
82.44345695916341 78.89496315850408
89.61950206756835 40.74045465794597
21.739653290535433 72.29408503904745
51.25419202249649 49.271725334460136
61.38161092466166 72.96606274627445
86.23985515753132 91.07549140744021
30.510209384267085 72.04904528503918
25.873740424063783 90.81500664350214
82.27468099138942 10.61492326699166
96.28821163945315 15.765597837041923
32.29109127457369 82.10333370763514
29.087134812799388 94.5246091674836
91.56959050060205 25.9261715350529
31.921278296354917 40.07030670545306
63.95258569069713 82.41073814848664
74.62314251446985 32.52761678462127
73.84618602888375 52.18068186227916
21.46465358430233 93.87013319421355
5.088763899523052 14.582244573344195
40.20735480143527 0.47497671244509654
90.543318030544 37.10267125503673
86.63878530419107 54.612226507099095
45.52512825875501 74.87552479285128
95.58702084857418 17.52272929397225
27.765927152563997 16.176133472141384
21.054655421314383 20.51219644983746
41.681297988937835 57.93913126530291
11.351369831260794 68.40058627200139
9.02271595704881 59.103600073751274
6.959398318383448 33.16047216037439
8.444536260420666 46.07445102071327
24.672191276112045 64.10376782021106
24.84769114446024 96.17629943965976
36.12516081396837 17.394031956677235
26.43445364026078 44.86778938176935
33.2482625605865 32.80369478615038
71.73670652902737 51.84120129927968
28.282172829790888 16.6330787107573
9.900061444831154 12.648802774666946
52.91920806870289 55.42365725623273
28.602091546473176 69.1404492527991
78.8491507946496 36.63938273422595
22.64744285828809 37.78368335876894
80.10266884736629 18.297780699908195
80.4708707156598 26.478638770956554
80.94266965242986 96.48464201982372
88.45081147045704 40.98984317811605
47.77171757328394 98.2842193896927
61.142451880519765 12.194641468061318
31.61825355421819 8.96845542677781
46.75150687445364 50.060954089218924
70.82186717762362 92.37561087239602
24.9652310917434 21.05225563455506
63.44313357849899 61.849103217865576
16.517601078234843 36.902355314474136
68.44056397371232 35.14800749500523
97.71833075809546 97.29229071861714
77.14175963225591 32.904917471430096
42.87671738862533 48.27182957237254
98.27281416231929 0.39177039267128677
55.77686704336078 1.9825821632611595
98.06991855479053 61.15626306062559
33.120425069811674 83.05003958401194
29.6322666687692 66.54165802248109
30.317428804795476 1.5649083159083421
45.26426898827632 37.58763903492306
2.9306691356769443 52.040821070850065
2.697811359948399 3.786557389763301
60.57089735177495 47.865454829100194
94.54160895483295 22.655796659262407
67.31767300975963 84.20386098031271
41.003853884060106 71.62779268680023
81.35042720279311 46.25998932248987
21.19158154311952 92.69531055783466
63.43010824150366 3.7177807790772732
5.403236972630321 96.30956569032271
89.40069178742476 58.332912436269524
66.5956453476797 70.76579219284281
91.80030879019442 80.76726016664634
14.102230195233002 29.757493824664216
51.782130867582985 1.17058149884266
99.66226990338029 74.97839966607512
32.317162840336024 0.402526555073246
54.77132958465823 55.50138105922445
70.59875544980935 47.66688766684998
66.72623926316561 12.277109230561711
44.73196976969936 31.96228025597093
55.939146550156416 15.985890805071467
30.26755119295127 7.990862460081294
38.771216460094514 11.866934840298892
24.019771079394836 97.59899340212309
82.81612006600542 53.113594187871314
53.086065884668656 79.35438263282776
82.0621441685201 88.24032591107431
70.85690737003752 78.89917442816991
5.800616389020563 21.229931005865687
