191
37.32405766352704 95.09643737413165
75.97106945102942 92.17522228029394
52.46684023025093 49.60290999410366
99.61411137888715 81.59679983908148
86.37444643676524 4.0321881701886
27.251896714871993 73.76797029796177
97.6445926180859 76.17236483978846
3.2061035246661262 32.15165971426393
27.418695027304686 28.93111365479928
43.08443989331509 47.61645464691953
77.57565539306815 18.96105839355836
66.57251370202657 74.32706105636724
31.27889436503971 93.77357145247419
15.811216216631408 97.77462682567183
60.77796172309198 67.16169643739535
81.48860989150177 58.109299519962185
97.95568242916912 10.670424737343465
82.99390101142035 8.628752127386818
49.147343499442464 23.229516961134657
67.35268573828802 95.91552961232391
44.059661204138855 66.56775915934664
56.16726625965548 71.8493385487959
51.77479824323166 11.584163671828207
24.6937178021301 33.89353868154249
91.7909620788023 21.683737417793825
16.891908807182908 66.52145838480408
94.03405482880468 80.80941770126299
99.09772844646831 1.0719420457281137
53.45047650830129 62.6226814138397
18.609598023264617 15.717853811776195
83.59648743692937 13.780046060789175
15.075407607754087 22.895424185703426
81.66073328310681 60.720053840079956
10.122776262817212 74.04955352160962
59.34081705515344 14.93776852495885
15.356753251378297 62.623575260028105
10.157622694691737 56.392062120947905
5.503736854283192 49.79024509827175
7.82068060578236 24.171790913177915
47.95717231617618 97.09101602828451
67.4366581904369 31.09668337803255
18.515224934292807 66.6263727081732
68.70272176711649 15.991206056847762
29.080035094466428 92.39168615353351
64.05846680321247 83.26094919810704
44.76840398853474 52.38181689087409
8.50563460021787 50.200289311361054
25.248152452894146 33.43498481488735
39.772520145332734 33.18039134894721
91.91100679175521 39.36487225977202
95.18000855076251 85.48714676518455
79.42750987576827 14.753719251479191
66.09297247302621 14.472861466368458
11.663758207356755 8.542482718702749
6.4138375526917475 69.01977830737938
59.107337565368276 10.388210398539034
38.30257243656351 36.82730067254481
16.486463581225696 28.255639901889595
12.481515207595306 84.96740832142463
67.19751936552912 47.421691757961526
27.969158708045228 17.793540653400385
64.27579003048244 28.584803396022263
70.97573237842354 65.61701942314227
65.85768649309702 81.07260381741536
20.155080765509748 60.65551933973289
75.45163133598481 75.09352794755951
80.45386877463278 13.065703518211402
28.651837402117163 91.92396381214154
17.975240400913695 64.81668161631372
56.12184094182863 33.375982086238075
70.5119498251509 62.172900048656764
78.99363321113594 71.64672420906601
23.47135976697754 22.111685651024217
68.43911544554474 63.14623802646852
71.17711349538268 55.132823777347454
93.50220925812481 19.07444502845741
43.922767190359835 55.56210353109381
25.432815042994296 44.19588347397637
79.10365448883458 68.22165265672753
89.46742722043534 8.593034378071717
41.21130069382089 58.996059489769046
3.601679372697897 16.727798753471568
59.39343061966574 40.40461103527506
69.63215153429142 33.76119326817306
83.65499298424426 89.88288840578066
49.46558579982596 51.013505720975616
77.61460915581335 87.32596231359113
10.861758937929157 94.94848854730259
80.73479584996741 35.14871022411553
54.26157746159118 52.328911135506395
15.661877116888734 1.7430578433857091
61.60466773197085 91.16094439452846
82.37485087225002 84.97405514082794
70.28184213716669 5.703543762085939
64.42721014888528 59.525535577756116
43.89586712401227 32.34069151443395
6.4960791172612 3.4858555521084855
15.890499908576206 49.9605658521755
53.297305396723935 75.4849633759218
6.46190368278784 42.13835780193358
72.52992435323532 38.279126464854905
89.34227149634202 28.40385944978181
70.55892779050906 17.63387294010178
94.26799042153307 53.09718196277403
36.46839789488212 69.45112550340701
62.84963948193072 43.53291681900996
95.16999228669548 67.77055290774904
92.59556320800392 63.60337816772468
69.28182943245996 53.97563191208455
36.60508875072224 11.969875923019458
85.56116065804079 52.9148847941095
26.421101525583257 83.04584423643405
68.18948334283536 87.71793463366473
90.08591349598568 52.14854325390079
9.29282852734562 91.0287619046584
12.24839903886783 11.885465899389203
48.70808295768667 4.850556548882167
52.756548259910154 89.41551971328724
36.36229414597536 51.27505184914226
14.325767427553071 38.98125040073593
52.73273303658971 0.6707816914659603
1.2477295386677634 82.9067711902013
91.61755915715344 82.37285173675222
56.83339652741235 9.717613012587433
43.55671643232723 53.72530650943953
65.96478305279675 25.82410210055982
17.907648200167326 92.25506911928338
55.673797339942354 2.985725457629118
93.63615577879028 47.6765608189357
64.65925244736009 96.16290603446
86.99388609126089 14.050104602738944
95.98899968502764 50.15863499353094
56.66746836808083 62.39411804216749
59.84601766759157 79.36433263927516
17.391900843404084 78.52088290671571
27.258897757004487 34.513320168332214
55.28560674423392 16.32771987132189
52.84833140044343 94.82487357630805
95.82288665353818 52.06587433906898
4.982225188651713 69.9936160005621
28.617090423079084 70.34015067999661
78.71183425303812 20.856584158811643
15.036395306456107 6.948196713708866
3.031434623960738 18.769600920855734
27.892480035860057 8.3733054836857
73.41195614782156 68.10216029374277
0.7962967817878752 13.852515906918262
17.15188550762664 5.1570456174513275
77.16145482500177 93.39892162726001
82.29760938340416 35.56015589304374
58.30093438052314 67.18867213108783
41.68962140701466 1.4801841881614375
54.38553840033007 5.3923967565612685
0.14450178727660745 63.28834854154495
87.00720340488057 37.43888033127981
58.389740197882844 24.522189395572845
81.57450865908362 65.70400092233466
88.69828521947686 90.71164977321773
81.98316593581076 3.8298711773953498
74.8924822462721 18.373558682235057
54.35773793486257 16.093553326722166
27.730197555149672 35.72592392914525
30.314596954219763 39.46660132228297
0.9364992047058096 45.382871150080426
96.43920851943572 25.017246419923257
12.54238643445843 44.635959367492504
0.04088199651607338 96.15248994940616
32.36926861417187 50.0356616457483
10.790707222516161 20.213870083887308
80.57602987945585 78.0652991402839
23.89836724028729 65.46085519110918
47.4637014477514 38.732925303506725
71.1073128669578 61.04459461984641
70.16697665161735 60.045904443644396
17.80948228432324 69.21178525914907
24.90011294429193 91.935892595483
45.7315966336205 69.91751584275761
42.42615893412831 97.42847358596589
42.40146025772143 29.647772524155613
83.19021538125767 23.957072257656776
14.734924851608488 76.38654992381042
73.84247354438708 2.1879772823065635
44.52866350249245 66.66173076015806
38.48900662763083 43.928692471168006
17.99932605205683 47.317053873749146
90.10702108320406 22.1910828412325
88.0463144213969 54.685625504688
56.874919506292656 53.70615486328182
1.19876676404026 49.19524824944613
3.6915419116312798 24.401194349872913
70.00619610211002 91.8463505263818
