172
31.549986897981096 32.99480113982415
13.804806087666165 36.01197358987858
72.29189158908794 29.00092497070158
60.78415994079832 8.748607071945735
84.17057961269086 90.34608281304061
57.04367800825405 81.42731560895074
3.386914770982108 39.894536221783795
33.09135395199042 30.352663542046344
13.224041091071538 31.80147664739712
44.80583422560741 0.9215377118155899
51.48527999204594 46.534847129005406
70.32220418334127 39.76788865535219
64.82876446714661 97.80430981333605
79.29216467861463 31.6777412980902
46.92275841047585 19.54137092707319
82.50261861392308 69.6082163619109
71.21312461217555 51.03321536089187
94.99787238223408 16.40138639153179
1.3267966750577065 99.82431258959579
73.1114424354618 30.619134534322654
90.49277130694816 95.31138817138354
38.08287099580375 41.49923717199039
34.22137869861942 1.4896145674419436
74.4444309772394 27.953628811926066
1.3761626725013465 66.18086645392638
98.96463387018242 3.315804094711239
19.99065573970047 60.11424135583569
51.207480240233274 16.177394970544835
62.04978043826258 41.31607888683375
56.070428858342524 33.540650607210665
4.345552864710712 13.86255473921345
44.34422467993907 45.078653797882225
16.134067822246422 5.930424423547375
21.353267250618103 21.20573447983457
65.14405132186816 4.789046357862192
51.89569767566993 9.023556245257447
87.61625292398348 31.754482568824926
23.81314805196295 21.344957244008555
37.760685999029995 76.50773678999359
53.492017490751074 57.81575517052462
88.33044955252457 78.85903810636712
35.851585925869536 22.97394961174306
96.30486141284419 83.04822381161517
34.30356142335362 85.8905807603403
93.22277751893118 18.804019067488486
35.999834696367614 28.55561342938676
93.20350014810265 90.76818902140941
81.8809855046804 39.07925897868883
66.93509287202347 98.18724752922023
73.4355336200303 65.05918890371356
89.21545586255404 1.0778930852779478
40.50867702479943 42.3110280232766
10.79403083040602 63.50958941711622
44.88777978288794 20.852211866699268
12.460817006849867 94.94409364700842
49.9648043976231 42.03685069149762
93.71627074799605 20.33027915508592
88.38196928193472 35.93880982457409
30.59218864335672 9.905939082414106
46.690870440096546 16.181868948248134
73.13760904293298 46.33939763714152
49.05789322084368 20.295348419455607
22.77249058244245 77.0547303624197
63.07476901219539 93.59567539428107
12.976399703120634 6.568973536385703
17.845455896348238 32.58705408473161
69.72666821263547 14.004659713941681
20.539201631650215 33.50316830944382
44.38500318005764 92.22411846489605
28.63661462940271 70.76730577781218
69.64309977809484 66.67585270431888
24.86341830175394 0.1796744694328889
34.33008895808172 24.05531864347249
33.267961140009525 64.91691456047175
88.54057361517482 67.02452224816996
20.66595471025938 16.451008087193088
49.13285849368262 33.80550384219361
41.9669584049085 9.675265439209301
10.622474568511354 69.96855893114852
70.05504655501397 45.55179978552908
81.92710332871302 43.07118702325028
2.411176777943713 26.882479143758943
48.421094800533325 38.85941384085172
83.09442020374803 48.476097387015706
28.607798696864283 86.90147650018977
24.053836282130124 19.522112028860704
50.71511150558019 18.23415236395195
53.90683009742715 83.59949684692074
71.06710242479032 72.87442423226834
39.57253892309346 96.32826256162609
2.985548632544799 43.593394682859376
31.55512089529654 25.56156436228698
65.75030740268424 27.490510649872345
6.359011884270693 27.771623839568417
66.8982547689035 72.91772595761462
54.22973177731218 2.05383942098315
19.600515056252345 90.58480974110445
97.75383645559931 41.02469399514983
31.781080378924422 53.978110569013474
5.987032589174834 93.39504044661165
80.29708433634728 83.65675193246766
45.300017365908744 48.40763374088601
16.57436017047278 67.1197434534366
75.94318649487315 1.9715829976934218
20.663067717358196 32.5008800503133
98.99101858772745 19.228789376267898
41.53507720852432 36.12845614327308
31.65115768396539 36.150429885962886
67.48989466411058 31.744621977915934
61.1308638799298 77.57925651866047
42.18412292159921 84.73508086649602
67.8516785631422 26.201971745580888
55.049644139231106 25.664531161613134
17.564450986847657 26.460338608971647
8.154313038311923 19.44919410103956
47.89506548204629 53.6736221231747
73.23796123053545 69.20684553965684
43.417199470565095 98.6635898428816
53.0091996796924 23.931750053439814
84.87848214656262 63.172699300053544
10.09782793154188 26.900191473099333
1.8557707049854821 37.207380248212715
1.7820892598891191 6.15511829941322
94.6825202273192 2.985079964397397
39.584624886255995 74.11482745494875
64.60669315482738 89.89330376411455
86.23400394851598 75.80361403866213
63.120205617431736 34.7282447239754
23.40057176772984 56.129568428334174
79.99771368908507 77.94287114404807
80.9884560437459 80.13586420258318
29.537474635075267 71.27392236237267
13.238026203371655 70.90376903911397
3.4994635012462583 64.42597143656948
47.84729615260714 62.1386568090313
16.38754359699005 14.496287344377246
28.58768223811311 29.04189271070724
26.465423212238537 94.47516606203926
66.97605585358032 88.06392649806351
35.071394150925904 27.653260442194714
30.974822099277443 68.40746637166258
86.51019432319139 53.98408155185821
26.37034714773542 50.273615458754605
1.789110035588326 2.0421888308639335
9.424445961102979 87.80771857392686
6.202111101871943 1.1483708884233002
40.19787078465367 26.30506751199193
69.84421644741712 52.33037631661613
56.798813421708815 54.618272733948004
59.11770926965556 42.949708297692105
47.01300749223589 40.21597834383026
54.1707805045656 60.53013475078822
86.61488198426585 62.30251260481812
5.379715330575275 12.040210164639454
9.767145841857461 47.986595045278044
21.199683232523657 23.498210386909847
72.8897442617842 38.57743223439892
89.31005252812399 37.838412657613915
46.722059109390656 72.38278243829352
48.622577683991686 89.31270562612512
33.70945822329835 62.25106173164006
40.05298691257637 71.65746759523142
93.23194309463244 83.30116395772829
37.39050257987756 5.557019174532285
78.40867059462812 33.815899061954994
16.475878450479996 12.814362653806356
7.890550228669269 65.41800427703103
96.36805136947942 52.06262694113908
28.813348732614543 7.806041426916888
39.839793688329074 77.37482743335995
82.78199677708353 5.122893956529396
93.55985936008422 97.86010398937279
