103
43.712605011232 28.431752942501898
72.44427421791877 22.279570745827293
97.77622884123033 67.55885939751552
91.86055592449213 65.17818771758914
95.69467027604219 77.98768352113261
12.627009783978849 47.67002186653679
87.98084492303178 13.34981046192788
56.69104799161708 2.1446301891865027
19.474138462679168 38.05423443372583
15.746702396222933 2.588496221318315
71.91578895897536 79.02166613389579
65.2535700797426 78.53459635080071
84.85139101417998 71.6020112551012
68.88956593340453 92.43946421507908
11.757727867405732 97.83342875672083
95.11228811673811 91.00850925422374
10.53800239381929 56.62907128771598
27.63689254108125 38.38607226807789
62.485118502357494 3.352631978461218
46.10530387092334 8.833048961052226
47.339476445242745 65.44269150053407
50.238748793794976 60.79056886644487
15.63355969833572 2.510895168832472
54.20651229549753 6.347615966977638
31.447958132044985 65.74268693738733
88.71272802317642 74.55478422369586
28.315478354236255 45.37679652047092
5.791686345918734 48.65656819353359
37.949993833986916 40.46032499117773
97.79699597066312 14.693589184255673
34.056242040921106 90.41442283592863
14.96904160258058 28.598427732018393
81.99707283103702 54.415220528585806
0.2903117327437754 25.640741059699135
21.938328166713696 73.51624507267456
10.552062933764573 84.64736432892492
94.95797074960412 99.26009817092807
48.3157215593733 26.58761063963564
81.42933867372483 0.7299138388176085
82.99958609341212 11.480022767074583
53.17013963266904 17.655730827190208
35.7201934136696 37.29908231939386
25.823148656580884 31.843766605742307
19.705878428112854 11.194084603333575
33.42334413816993 67.41669117376102
33.0982755907529 66.73096533124749
14.194663595174017 14.461851482215959
0.28951502487029046 34.51585661797238
18.167174404413387 16.13428457810493
19.607544331559133 55.12699180755134
19.480097527149532 1.2332943234486304
48.1011001157926 82.67171395471328
57.33533302495385 40.76676385335307
10.929022949002942 1.7905667646597956
20.76412353092557 56.64643892125613
35.00348684234501 6.4255343819259565
61.57959232675275 19.73925255287712
77.33729670568667 55.64946648963856
11.54891704672446 90.14037636305694
24.588549105283597 93.52313178843612
55.52574622237481 99.51567830603875
88.68967249705453 16.853114120541157
40.45160438292497 88.65776233719133
43.05092796810415 59.52541399485614
59.06566568824216 65.09108593645252
99.048728555427 22.064857266087056
86.6176989010362 33.8537203828626
35.054526661879784 89.77063303395573
47.041798341406746 85.82718727854612
74.62709060851856 2.448363816654431
92.74942852837258 22.746650165143112
58.90822441971431 67.5037430227131
14.722959610244434 81.6886706513403
54.25130998536537 20.952853905838175
87.02222190927324 40.579087187385944
81.62883629002765 34.82677066276039
6.479428172376767 35.37050799128782
96.81975418700434 87.87054744297379
86.50618921529386 26.83210977753754
67.15610833397987 29.869045054934386
1.4486318317038838 33.44130615647353
79.03770225988147 54.26431564298667
13.588024291165812 43.82936769559939
44.99931778177142 84.21648172003286
61.75539129380388 86.09105882414967
1.227610019296399 10.342943791525517
50.57209760461101 78.47978309265513
84.88147877752243 36.47465163356597
78.08995297084694 97.8928109536076
42.32084885321642 72.14367525131865
51.25631283066762 64.03739269107004
73.73132539106474 80.66892380685844
91.33903724414392 38.83976367430104
48.563347922519554 6.246777778262535
63.15817711742335 75.53711283273228
39.26159796357403 98.56017351725892
13.85193269702386 29.966212163555294
56.39303185730725 18.32347863028858
81.03813247858099 14.149577795466628
93.81479447460298 70.8221703085554
37.791245670036254 77.33877872222045
66.760622292969 92.26080997874632
42.428293346202196 8.563417943165518
