18
64.36899012980153 1.3241730772947768
29.438234379559812 20.65988827027222
20.295233331507447 14.88738060167869
50.17691273807519 64.82717411170195
20.27600329667295 29.842932763895814
99.55938665696313 87.12311297499433
47.90283090037546 63.41804290666819
52.46950389744652 48.246638758210736
17.91802093700121 57.37015477367658
48.62293811146922 38.792826415313385
10.720643942883179 88.29310923829458
12.85076864225514 47.66561114877462
51.22912644153509 12.621086063107311
52.2949393743215 35.08395954465877
45.45048755062632 90.89071304732686
80.86806059175376 38.44963112056264
71.0981437548568 48.40431673286902
50.46580902086516 47.81183562743401
