190
0.8904566043539064 44.0147080482563
30.699129890942988 27.787843326632533
56.12525440588559 42.02942866001968
31.71157233770996 49.210200898914906
79.92547004490564 0.576173042910233
66.09483779362179 55.24401762266565
8.782210008100899 21.235462796384596
50.122357486533176 79.77953677622376
73.0190988121976 57.6631078965955
11.094653392862918 4.640669190411906
78.14464822053786 19.743359280043236
90.38878868995988 0.9556598679175909
89.02994156763201 52.33322695525962
36.875244318663015 27.980925396343327
56.45887748437056 26.680562408702137
24.53028862272255 27.80396116188797
76.13356448003817 28.179719017565596
75.26883419756477 32.335076945682594
16.10986103832357 16.65107897318816
19.940053982498142 35.8851818219891
37.08117074105104 7.77764833889576
18.064678505327404 26.556252780526833
55.58301217730152 83.15558930550876
46.87418096776991 43.15555624254357
32.1294633460414 75.43408371789894
60.30706759238874 72.96609015116071
57.39198346463815 95.39444201177676
16.85324963702709 43.30230036387107
56.96116699165984 13.442090517509753
44.8585082404632 11.97466410097202
5.069007707370121 20.47184617935398
33.76039630113685 8.270447488832533
15.200632572247773 54.17436405293452
12.910949320727848 44.7008605862001
52.303808550427156 27.094303010415455
58.37575086653018 1.3536024706617966
66.91908681125204 86.21726650845348
77.56980798426271 93.11360167487953
64.0582925919702 88.33454334770839
0.1449143118541829 86.8269089304332
88.50573082601946 19.948847316542572
97.21604877325493 34.41998334184015
10.004309832994762 80.67294234665555
6.8419882265087555 67.53538135789924
53.66868596315 16.799181482313365
62.29200969703365 82.56375869387635
38.65468057446443 65.89037222861978
10.076639042091784 89.65557574650272
16.525334917914737 28.83102691663134
45.08425674045123 96.98256010257292
26.714898640446826 66.36251199377429
26.551124915580647 41.70423869704917
44.14725008015527 49.33611396346132
2.7763862498284886 37.523301603344095
71.55585470094978 77.089461756806
24.619213221213197 65.3256922439905
55.24800599622307 50.4287011233711
63.386182907043896 36.754476401700366
3.0273643480525636 10.144494071913412
28.59515064736079 70.61919933011801
78.82666277414646 41.37371501528304
78.39934245075618 70.10449731413922
38.71515330257749 67.48873315008791
88.29718821608118 11.164679023177616
72.82148159296459 86.35978010710838
77.1794726453872 64.32831102033126
44.87595519213837 28.13858322480396
1.7510755131815103 39.81919026559806
13.229209056479686 69.09282039116451
80.17709862064987 12.89383106455485
48.510289318514566 80.18530069308953
21.894540631410585 25.92453394666937
33.143676228233886 63.21890008047074
91.71915681385634 66.03372945367938
21.30171517151309 82.95920639270201
71.09473348469575 83.52334592168026
57.44271637496381 46.56572122856243
61.54630109404866 51.69724241721103
53.72539556178296 62.29559457286853
79.03558070445533 28.54645295456727
61.60335053534176 77.70163790778786
32.807344118712244 97.66700763267865
36.56444996717612 47.54540994217445
47.592039325409964 12.87278342512177
69.56638095721665 32.9557060827228
32.20041790155926 27.728584369188034
43.225953299845884 35.92557462200404
60.48452998558681 15.398778540264924
57.27216581385329 64.55823065644672
55.033231342074714 57.47001137723509
2.2575494314454936 18.394417004903374
1.9854315656053334 6.435314830717087
65.88222783660558 27.95257942681776
92.83712420972992 22.643073587146944
27.33051960284406 24.011228245470395
39.937212288778554 9.852262671530587
18.223023399300686 76.53034590354217
32.71005168683531 16.615331524844844
31.87197743052873 49.54714706785869
69.52418451896895 35.69403200296195
15.028418962130107 89.36181048769217
62.88561377543546 49.789539653180306
13.687875019926544 36.81384056993527
14.956153400248606 0.20884483506992124
4.8936290328802645 31.91302417272398
31.340046885770846 84.15337601266455
45.958057657962826 8.934805725393824
53.76041992616869 4.976415392432266
19.72383378372512 47.863471344923845
86.96186311573535 37.61274277558228
87.67303744221157 67.22063740315477
42.10269048067731 14.498815778871045
37.29372942259285 72.10297230338553
4.776375334473048 60.65951089838174
71.78809714152312 84.93527887160356
25.204930872081675 60.352145371671405
5.510760990149343 19.99307659782805
86.5722625116155 1.6755595229065001
61.374107849166684 75.18674498961438
30.061650118141404 83.06575302678682
51.9102490133034 68.40409666283468
83.20258340528666 45.808259736797
84.66789828769478 48.50976374668106
8.18345017325688 48.71308585900417
62.557126014795536 24.63171329355639
50.10166753755233 74.62204633842818
5.538169084699007 54.30612572163085
31.48308120693015 62.01261271311893
49.307026492056806 47.742227916720346
1.3832145254964678 37.900888155023836
63.17770520295657 86.37251970245792
12.543710109300221 76.05328173889274
70.20693604018791 23.57889089141646
74.63156767915882 40.11834977424451
33.70981002703486 46.096373276663705
27.265945719177886 60.460810659388045
0.69586027572065 5.375332144710454
78.06518546048407 52.72099388691329
2.9055542229558085 2.415480107400103
64.08029044431693 41.43777703250082
10.215192231832704 90.14477930349906
87.46587417185577 28.407397952134282
17.98487702496554 29.617577869130784
22.706408572940372 30.92771203116208
77.71973892327283 17.182974044076705
79.78309238857342 13.517873975829398
98.88134097234177 74.05066232180147
64.67177020073535 39.755242262272446
77.4401931244236 20.393601249316283
37.238982300326654 46.30937948759865
48.47306806788257 44.97414976292746
87.0206054567496 63.616781668349
66.86360252878254 28.00874952814637
57.94875345197349 3.520315476122493
51.019025503703205 85.55166898240607
25.371561569701896 24.657265874450175
85.00303248082369 24.383004546684717
80.9443711904778 49.01316759811154
37.35420122763835 77.0047338473952
38.701977426440834 97.20857951355994
31.603790364014305 32.2642409781978
10.160321063818323 3.505492997116133
78.05610789525329 81.27805823641158
57.847636884531795 24.97954906066019
44.74551833279155 83.99531276034246
5.466869293014687 49.477456970359704
46.87023951324254 32.660607396628535
10.180089510956824 84.35302050205084
85.70094500845656 83.34005808798717
48.787036105305326 34.83414290575466
80.92884377503317 91.19909813084647
59.91881179073282 4.439391303686646
46.24453326679646 28.692841126583733
82.70913051170102 44.90596385118103
65.05476660227588 30.74223326954426
4.160736388568909 62.85424345937404
98.14633912711474 70.50671890138946
82.04705184332124 63.55956074500511
91.40723540813289 16.012107591304613
12.890851988983943 49.89949203271106
52.355161610339174 31.57534687112582
24.558421975801714 96.68529945201813
80.7409212575351 90.1710218566794
34.18438875948819 4.929156933748391
32.14743005586166 16.232917073934104
69.59205950228757 22.28408416676635
60.026021055450165 99.53168589148483
91.4930685234083 21.48826464288234
90.76354944748435 82.88891930094233
73.13361189207535 16.96608366534337
