19
43.58157102508222 82.28508301216216
57.93421171098957 56.54940249741801
36.22957187215812 12.907912243616648
78.51567551788867 17.994260450915945
55.351287910773586 43.35379438021334
91.5968114554777 73.46253978164307
87.08428169995952 20.675302692103724
94.76506514329081 59.43474958667987
85.96057126276216 15.401813141279597
98.64021534685435 8.119608739398865
28.516166252579865 77.32152607831694
89.65300970706348 54.73664751497236
37.43701119448119 46.25394736111536
15.561711915640753 47.22656644786524
84.31633804755953 53.33007022370153
6.815468195529362 50.403664338834865
48.06383910578519 67.15755446483766
3.394065351072695 7.236435027467614
51.33864084312313 33.726923953616506
