109
12.125091426479372 80.90554176018566
31.44325022086989 71.29447928130017
97.45099831173054 47.67257708845891
28.569815948762667 59.875018892349715
48.9398597743382 58.99654628292731
96.26542032733967 45.29106229327977
92.95449348120106 50.09194359954138
32.845097127119175 10.987030438163526
81.4349276380642 78.94558475759752
96.97004604164844 50.71908137898691
10.565788331657178 93.98701051595435
45.76387801069048 82.51766218746614
61.11519513381458 25.599095433902754
35.793021574661964 78.54566287757761
53.50443141998922 78.87953907614559
0.5774769417264292 90.20887072641139
91.85760164919714 31.580558372135314
25.512798046025598 75.42983196633017
18.074118551469 21.11769656822371
62.11102132006434 25.6432353967612
67.05983459077316 82.03164171034528
3.134034858845347 31.478339521772103
76.66519529571325 38.18195397398427
5.477271135499406 83.29428224018419
65.72063671229012 45.64802088587088
13.951593113196836 27.944563789881006
30.64767837715928 79.14247381048128
88.72195893076332 90.79673050479774
22.06541066404989 33.002142434709
75.66842714093183 28.029847840438592
78.00022252417264 71.64480514015487
6.238429396351652 5.870309589728729
47.09781716710515 99.71877294367992
37.46504292184119 0.43123696318021487
31.118494915996852 19.80796137303199
79.70081920041801 36.970289428497395
89.07267888069987 82.81555124020797
77.54967018238214 8.307507360370847
61.21613491755835 29.293857324089835
95.51256330015029 88.37153085935755
56.357903656239635 40.274866343731695
50.434924714745655 38.496733407576734
26.638144706089328 11.338060992298471
65.5839705305526 16.757330893749444
40.449729364022346 27.459571756052714
39.17427459344528 97.2330140136031
5.303211276342045 60.596523206650645
35.6965271582214 25.71871219420705
47.24426288787974 31.355557342988305
56.056546123116945 4.833498705185635
39.25378920804938 37.76075325401636
7.265958427416619 44.40476855365172
75.41952604770911 51.215779459411635
72.61704261745047 79.34027631403993
4.328289466734625 10.363493918279909
63.60939722852167 30.616004817239617
57.93390770945452 49.77726052332668
92.13377345941409 80.5648330866682
2.8412165592330063 17.783607831444705
78.37099549726146 8.42078081502402
46.768238111894945 61.079477243578225
23.190065679262506 82.691452151274
71.00969049420631 50.96670134728094
9.95084639600079 39.7152036491032
47.26929485085998 87.33840885799759
98.98161661073183 72.28752454552709
2.767415992121869 98.38986944900262
54.44814555525951 88.65656880809829
36.52904924812512 44.61619528405064
46.21354842219637 62.08912639575773
21.6272450105209 11.966590553779499
82.26388143274971 71.99475785558698
57.26183566620966 92.9004339809283
36.4515893691557 40.63753449574355
60.46982973539403 56.72583202751002
7.548540948781368 67.21505788541019
63.08561025729406 22.90989409875174
48.4050532149745 77.1509714129022
6.604772702259554 99.93232519775374
46.06375138003374 33.44213566331881
38.9474178886305 26.57865451801811
84.55022640411009 17.363968523682736
55.508664676630694 27.598784718946135
78.27218529015703 25.837321704776716
25.81513655121366 92.04632377422085
78.13523376434372 53.93795786757297
70.62134133783994 84.74791967196046
93.28078636423619 99.09398456886535
98.17565598260836 37.346326402275274
26.509179080574096 0.4855289213966274
55.74962659378969 64.01689405649272
18.305225293398653 29.67961802540038
47.41174891722852 66.9779345037228
96.44617755649094 58.78701551279865
25.37296434076557 18.23118647239239
83.28820725623066 76.59143869517742
98.36065667676323 36.477790071281156
76.86226237534173 89.37250779395849
65.49710078531494 63.39317369814543
27.286198877534318 97.95832747582863
77.67271502076999 58.986716014671124
83.23648349394165 75.16663025361126
15.812369414785387 84.13352450125713
93.87978782826184 7.685817594024136
89.94551230581777 72.12523216742294
90.38394035195738 43.67563970946018
1.275792717401547 48.242360769963845
36.229476990321366 84.02200659998347
32.32530217116337 81.92025397586717
