162
58.54900799682152 80.4042667302239
60.32810950209058 31.764808764456898
4.894458388086342 75.81037007989092
23.474585326778996 35.19792415385431
48.55256534049413 82.66594735737571
71.7924481772463 49.93672929953975
8.90373503471814 54.24717266451875
34.81090669850262 56.8151476003726
9.1484300392348 33.12434195435541
68.63509128257976 81.61299336109954
32.46769219081364 20.024981356613957
25.513512898697922 89.60555226056324
37.56227518778308 28.89523558023752
76.0534085539303 91.82392299262492
52.937238539860374 68.80508654527696
54.12223714969421 14.422980220572546
96.49127676579012 36.39580225641463
48.9192052714429 48.181714338798145
41.558636544201775 78.94420024651714
92.67828177893658 22.17532737393695
85.00732089170366 14.702808026396252
16.5793662926037 25.640698060255772
46.21793877130232 82.27592479313199
18.092818045373093 32.60718586526998
41.70804798018087 1.027550368169594
59.45582830677416 36.77656201989649
7.339079737348408 39.59230646363525
41.98639590831805 0.22847824173778397
65.82601292232175 26.4090607457802
89.30216697000039 37.16083130781632
40.97530596847058 72.39251378966514
92.63406006929905 60.61895550881529
45.09548601582439 26.27577354717243
8.01503943547589 2.401372154426751
96.16051556410503 77.90812415328145
3.125894663550055 38.173708253946046
61.92854284990379 46.07730531090534
78.78439089829837 65.34874691327583
85.19940672952043 53.00485423388005
28.453172375588643 37.219104734844564
22.509185879683848 72.21060262710402
53.428713066834376 43.33810035820193
62.517396946658806 59.599860772300005
59.39695025485657 45.80286129098773
19.329728879948927 54.54839795969377
16.200840026298447 20.43308326204941
32.566566570432556 32.82616443744666
53.0642330572143 91.49721275752619
8.475728975528174 12.231761843867506
16.119528718511443 71.50932119097368
86.24657468208203 83.76541129136807
44.278349504879166 36.60650954324228
0.592822576207952 92.29337579215904
7.986608147293628 82.92902458080572
21.276391345938517 68.01907224502563
7.423884523101099 62.848825278217205
31.667301550959024 81.9762406752589
87.30245974315065 69.76447686762745
80.4449297543724 29.386261815921934
33.467645094997835 78.58346121302131
2.42136253335834 55.7530122415981
2.737368116873118 14.707127818145105
23.53563637741144 7.659300232637511
97.98536322599557 85.4541188967737
81.96303386491225 69.42806705813624
60.62974458464493 29.776438770241032
68.18545116477516 35.84713113792657
68.98828530642085 18.212288649607434
35.7947538510392 12.384724820366987
94.44364752211895 26.688191232956616
92.71079150288165 91.80229490536074
61.12655651044665 22.839507953577275
70.9237622058414 87.10448430397193
46.90170713389489 30.242812628776484
2.3462687087963396 0.12167246741580096
66.65048384913383 66.0185987311497
86.09797417041665 81.04883901011404
34.680937923915366 63.316009026190834
16.412101565081414 15.943133276562428
23.21628581799432 7.651306507427513
36.54782716989615 88.62988451976803
25.520541935886932 37.710873832591474
34.6587425346801 8.240891153668183
90.28493921148521 5.398386759159923
15.894525311748808 51.21858902653167
30.549887204525728 28.689321398750955
18.414707639686366 36.21355081767788
61.5812608649438 74.1429254445903
42.26309874953016 56.10795518060866
68.4106365898232 72.2419264614564
44.589582812683716 62.22131394435756
86.11803820271908 34.96587686106509
29.319563418137495 54.740718463899775
86.99151906418373 44.33059183032957
16.299585042653785 39.58606076584549
64.90833184571191 45.65923890605884
20.46922711044765 9.810433216149761
20.53356819132529 98.38943802252741
13.838653870685869 88.70842998593402
0.04767544182532335 99.43332727555985
49.899543915300335 66.45661692192495
97.25603217049598 55.672521371402
29.069236239499897 26.162614560961305
32.90277007315606 16.85295920793699
16.530081308376932 52.46863310904259
78.57416558139818 11.907026165902279
90.12503538400482 35.984142824349476
49.48889148799409 21.074949792318776
55.71866232052874 5.601457409365452
6.499529452870045 62.49868944116002
89.04392840192853 11.370672402368353
27.01386016099435 4.957369310916859
35.59591143164469 89.99369631728385
54.459890016371695 7.621208073323937
17.201195962291415 67.71918326240049
63.471126987101854 2.1433302736227344
86.58889742108043 17.952143638074748
0.172184280917409 2.2183779610410848
73.01286901002193 91.45095280078557
40.78087542692867 97.36813206565031
71.65785820203143 16.65527596872175
92.45812020774858 33.98177944114056
86.82957901205357 37.79073251239381
64.45676644863208 93.41261321901557
33.91172339431435 42.330564182120966
74.73246029986021 12.062035936252657
61.04140744237143 61.76060818070733
27.848247633661373 7.1476960763471435
59.891209055906735 83.33313717480898
39.41773755986742 57.15215553300472
46.36095753305683 49.80594454300559
24.277313819730885 95.60775446150481
88.37100743977004 61.395904498826994
60.40533046475684 3.1187989414539374
5.029002099104519 8.915234346972467
66.12566879552998 96.83187089089002
65.28611860921949 45.80808336957648
84.97030128429523 42.53146345369064
18.343808773832613 84.78668613525299
23.572930567448537 44.51996402358047
6.916513341073904 17.15382694918293
19.52332029322692 44.41903969586141
28.359047831625382 21.903098220231932
43.721540271381784 42.55684898692363
81.7917419033729 38.57544735365541
20.443044113347753 72.73256881182597
43.27079476915871 15.248452556861302
92.68384600370551 66.82232104169901
0.4144762898490195 35.39564116877572
68.92857690756637 73.4113989560293
43.9653022199469 91.05352494131584
75.50792169591386 5.919564165141367
99.79165513613843 92.76176006114109
2.4211878696284383 49.46837504391954
70.87911105702888 45.107949547198125
29.020520030192685 14.053156776648624
56.59203255541264 31.92959739345588
3.521596147558015 29.001302321474974
78.00275255295254 77.50239492847697
39.08199942009091 3.005159740042007
58.20892761864576 58.86067752620179
29.8096046288591 19.80511876998462
