174
50.2731723219532 56.065218798680036
68.39057431723779 70.52979028116053
66.44485215180951 48.01184880894813
69.20189787233477 31.993630723943735
75.80567013543788 71.54700550006247
74.402597700129 28.43274911875597
62.09843415808957 70.47024462377918
96.58128789947337 20.17470746784649
90.42477404268959 75.82906370243127
40.1072449444197 77.98572538780414
75.62797292534668 16.902523215516396
58.46457948147835 93.10110229465626
12.58023737105386 15.175200898061425
9.45493492979712 58.72630513265907
69.37420400841866 61.93616378904855
44.333146470595175 34.14247977508496
93.21110523695431 13.008232758045002
42.67398389178012 73.1023421139148
24.86005931190739 44.01459492497941
63.85838674614087 80.50589481477083
29.26780173194661 73.08759239665638
51.51053805133201 42.765900721121874
81.4309398100985 37.31858637703439
12.607559412181901 99.10073133296336
63.63794968232289 32.38293568922632
54.84328274804423 3.8750716275485986
98.86404771057671 35.80501912095389
49.70756582081199 91.31889928825323
0.4535992115716647 67.89429450589063
17.02278101642993 83.6060830188243
96.64165621792925 65.50233812648372
12.393654533504051 91.48332493535655
85.16530782503891 33.23358175529524
60.594496633766624 22.496927589160954
83.59551103161841 88.86927215299241
64.37871318640013 41.223518365612
38.78633089689968 21.038503220910552
88.84324299066134 45.56775212065906
11.820161137062613 8.226331258270092
29.359995335178844 3.6583973035637096
26.107673968015444 19.974327742986986
42.86452725444359 4.900432307308577
87.6830979945054 23.66297677715773
28.289838267198785 66.36735077000424
74.01851953959859 36.76367677567192
15.453713520681745 18.413952821003964
66.5557282500416 17.868397680384142
72.22154850095151 36.23505054196441
31.170994879081693 61.94158047972711
86.8669552925588 77.24824190899498
55.535171842476394 60.50184606989537
48.014568815398995 7.730877005952063
88.67915196410058 82.71243217837764
23.954487696593464 92.34663681399175
70.13447538821337 26.100105155409015
60.971714821023824 91.94930608817997
78.5237088473897 63.44424957889614
15.996788807141993 93.53064618832929
13.515716753261941 85.78673343808754
1.1075971721553057 69.47927036369349
11.077285404701287 91.17152484408685
62.077285528183744 43.549164078162725
99.41513275924818 41.41838689195061
1.1690031485419694 7.9207184246095625
51.15543155347297 88.75820404412241
28.99958351519426 56.29254401269469
2.6324138168574707 66.99601119620449
37.905227640324526 53.757257583348625
26.3466899707945 74.91641974489484
63.52834049341155 88.7300899380079
70.37896189138954 0.39756074618835235
18.831370421328984 33.27685412256977
25.346845800894503 54.60344185702319
67.56767815129272 63.572692310230494
68.19993108223147 65.77024244151907
55.71918244849061 25.414674521857794
77.58118401510407 37.59882240314558
19.47704249083109 29.129369658448645
69.51925595380783 85.18110425704329
7.93421270429473 15.811046270025763
60.98560625281991 60.80286496025099
5.734939710669074 50.19336484026903
39.33205554768475 7.75729011840326
40.291017975433476 31.287887653462608
89.3661981458837 37.37623613109773
80.94338642477527 72.09543975175123
95.27792848808764 13.04893161506614
0.8918970307809859 77.68557103183203
50.97055402959252 9.382317584294132
55.89740138215992 9.745667020583804
43.676455128601134 43.12576235593079
64.05338502648723 26.322356755941634
34.03406815932387 99.03529944175116
88.83973592315391 96.74217440884088
31.6440911301763 11.048206344415046
16.403657728030463 65.53186693817182
56.393886398740314 21.51288001951972
55.592030901052134 76.69538705249443
20.06958711201926 46.09089360631855
94.89402983387691 91.97767021216843
75.25781681044502 42.25092479799515
14.32497599367839 59.599956035997636
73.2308264952618 91.2263279816382
17.68262363029035 10.040171295934963
91.6468347747406 67.92698362094397
30.652929334117186 60.591511029892786
48.05325866591716 51.42769106529175
89.71685431125591 60.47115169571985
89.50746616450168 70.98586006466616
84.05536407598454 80.84718855517349
25.073021992082822 11.966461174428778
66.4599129578159 93.72532944462291
51.608598935675666 56.47919000933202
57.058535898837825 59.13735113229399
62.72957074846055 29.389485715169496
19.59559683729686 99.43852302508417
16.534250689123443 46.993711502867
72.57360287739104 79.61126923714312
19.846538678669422 52.456092430641654
10.960136040946821 73.3264551431504
99.45692312993909 29.5621788151028
53.52984021848586 9.193755667819413
8.107824025501841 83.0841420323865
35.90297376383693 24.069118768134214
28.088184354329606 12.359374350096164
2.2814240700331 71.30038646289442
46.691682513556586 35.38025321904824
98.79563545052454 87.47762822556592
2.1618569810922805 26.32821756878109
60.59218635373307 11.619134658152275
21.99933171287509 40.05189353802976
31.88210568300871 30.752040334214126
93.99011837248862 61.39944929629457
53.32925248918583 70.17936097737858
34.90200342482789 70.4917854315367
58.010186496107494 49.0542822716594
33.97263404409296 99.50229670401701
39.75762880427551 17.537230030860364
45.75134009315316 42.14659008944359
56.294824219222164 35.6586857229851
93.17972660936717 93.72825503241104
23.033660249614584 14.335114707190034
87.1064425006571 40.804224748111714
33.737392680859614 84.40197961981448
73.86957132959098 72.98953468652097
44.12987547420833 89.5941225586636
68.68483041777537 74.31615302611847
49.229460814270965 51.627950058865714
73.54952535884387 69.74266381798222
68.49236156725709 38.85432320398641
10.336358263436985 81.87256660533957
78.12694036926885 8.4261922181174
10.248504895538169 37.64197777281847
6.975689156443754 9.27133587177914
69.63782102908833 32.38688739547565
75.13561127401415 54.4367196645403
38.66668279665153 97.43485483996459
57.15548558770944 37.87173792544121
9.77310922890341 20.752263754138944
6.3150213093942975 48.6818954600025
37.506496546601156 17.964688190497814
6.812876553304948 42.910663924131306
52.56767532117866 64.7866801497254
5.111288495146404 70.4100446183414
14.089267183107367 15.360089173181791
68.33412376310041 49.51733762536124
41.48790949560254 18.90617432174174
94.8528764189302 48.09372707511665
97.49709715320913 81.28639252312041
26.533279382139806 10.891049577986124
97.60497009753448 25.649964064618892
52.448674470059245 56.43711023272818
32.95249070572369 36.86378647524643
61.966490834398456 15.363041280260536
