118
99.69279267588223 5.715723536289163
87.05073661092827 89.67663470013851
70.66942641292225 35.40804754285502
51.08648374311049 96.05054713635867
59.600470415082526 45.56329099336144
91.02200294924526 22.443248918628434
4.056783886781378 74.35959929913498
45.08682972312103 77.03149834093949
83.99216293827064 14.882477492127666
41.01250411972086 11.193388658629633
76.18945481737505 18.149131795021457
77.69035910411492 81.11807811640814
54.27397272956189 94.5143458635741
91.26513905233739 70.87102982249382
69.35420623427105 57.86533074737773
52.539581510020305 2.460982421102731
31.159150697384142 50.11557712837534
27.7474760101741 90.68371360776254
92.9607050719417 28.56008361323673
26.091412923334712 70.89266904750716
39.8411301632957 78.8272869007761
44.38642077956867 69.81509920024807
69.56650636528614 6.963404649864557
97.92798175020592 97.78840046066088
29.991651172109492 80.34054461273023
69.41380853527333 17.513491504890034
89.4119846781012 5.602132009660599
70.4331242967114 48.87695398247488
56.941195270262945 73.89154296428836
93.79643702335503 95.84597425641513
81.15109587873637 64.76314090546198
59.62466336665223 91.65034868099843
19.601594074015395 8.226379717345145
70.23393998624469 98.26657854818916
80.06516798968997 40.064796210722186
52.56963533948055 83.70186404327784
1.2355890763000699 30.11947904764417
69.98821832834814 85.73976768258194
10.933580093977724 70.51884744937512
51.79189530334985 16.13985131295771
1.9838661007076541 84.3609655299737
41.51066493066712 0.7487828689950682
81.69254851371012 95.01413461038452
88.18923727824077 41.166774101314275
2.9354246960721087 45.19403048451602
34.839365632550646 33.60390272037185
41.64693455197853 9.337327380717097
90.61425465151588 94.61946976807964
9.086111051340817 6.639143971029826
72.57692911752356 62.8160588787
96.56889286715275 56.606340821591004
82.54413396485624 22.74015553118023
97.8231088914849 9.65503077653922
97.02990374559842 78.71216309767313
4.03610313384779 37.49807388200948
1.0473571217270217 31.45613105208538
3.2989374215620204 49.96640132400285
33.59434996278067 51.237539006484646
13.058792923980944 96.4347960403806
84.1413362799136 70.31759792922058
54.11666566702738 13.560934893399635
48.484487414264635 66.9083014267154
71.81971249377058 28.789101023984987
88.2198954516218 11.07834408092333
25.322774047464335 9.449854386673806
89.08820629718619 44.845868706772094
82.31914779605822 92.77324584689372
89.73467207530274 2.4091253373881294
70.87299480174919 90.51068900386213
72.40191677090398 81.5830726495953
61.5085479282171 76.03697260666348
91.35057605373012 69.10103942840293
67.59734708461184 62.321150451232
11.494403155040423 36.16885198573425
22.790314392020306 42.758679857283155
51.34193509570134 13.690852012298382
43.194683992623354 11.731457955161083
11.599907367714824 98.08963494480632
0.23814763775029668 79.75070352036407
49.24119536949531 37.602163097637174
47.314748683858134 49.81184093921859
55.37672554609364 53.03578474036821
98.92384812689225 87.49728791823023
94.45197416615511 93.00346478933321
2.2173991811228255 87.14975688517308
97.31409464323882 67.73308978443035
79.16966384076306 73.68120176966133
12.298068993102696 35.90909471669117
82.71914304646928 40.201797114303574
4.555383007514391 19.853992494504645
10.726768543820786 78.19368088994166
11.571638687373277 3.4878252783074326
37.95685643551943 58.62777118931993
13.388758743021544 53.448753044494055
36.17687433023855 60.734770850665086
56.61241554677458 36.34219455912088
98.62465088889701 43.56018896099826
26.394510295661856 24.885764881331085
21.936984910061085 8.256058287673994
49.52311446019787 25.806170254272853
42.2904050664785 50.00922796007996
66.64826346616803 87.63600469715772
79.37580701799533 86.78233414385403
68.8998861035493 66.34301141808446
34.55522874531859 36.57511296132863
84.43177111118872 21.719186460638262
3.090550337016862 74.54882035028282
9.785979610500906 37.31718394519524
19.915444889611265 58.66743937280419
4.757547501890691 82.96594961556536
69.24823457882687 44.24298069189396
4.118218902305692 77.69989710528368
56.37069551129793 3.8505550705287273
8.629006682962126 91.74381048837118
63.33156349729888 86.30266508739639
72.7293353071979 88.51927281297083
60.27278349793526 41.67913370475419
80.2040892336592 2.723672206391492
