176
58.105431093300695 83.2481921149322
32.61855790938871 20.786014582811763
82.0132071823917 39.41170162878384
43.06052300507191 68.47671396700218
41.243889156178525 80.95609973074495
44.901258435571336 6.101316690763847
54.4858624076486 95.50442594830638
65.33281093703144 26.192650952244144
82.81314670820092 89.27002562284675
70.10834098517176 97.30008080349765
56.62374982382518 91.32570248039042
28.70452825160148 12.941022946260594
53.511456646506005 53.048575594198056
23.927442708310675 93.68505193309338
6.124977363030926 41.88886452039602
53.23153595469143 2.187091395543439
18.808390992735802 17.987046706297217
58.90253029919579 43.71303705514931
36.31731123090801 35.11165932038145
5.474640542186138 41.280399844406446
79.86069954922074 8.016649105797914
42.641536326614826 66.08602857865193
11.107702917125739 42.32358937068504
59.69347361572137 53.975496190593944
14.828270341312566 59.5468967761118
57.471048205436404 92.42584735351717
21.629084493863672 76.67652941896101
11.309562176301124 25.5722291209856
80.03205277071555 43.58913528452115
50.963741724148726 94.28878786194205
42.31724340083878 75.9412975058021
4.104549383599543 13.94262710323757
27.705076374494286 36.91508668894971
84.72563129582144 42.686675272853215
83.27080239420773 91.20630740484799
95.96831395437184 34.925820168925114
41.02881545761191 98.59165579276721
99.31113188676883 40.439992632488895
54.82399110433101 76.68122558751466
85.15086996363699 89.11100302315621
57.24791462976005 63.84460022518077
64.53720610985536 55.33221711148979
44.8636268636226 26.416106731674038
36.57999068716268 89.82963969390131
5.743209345445067 86.40890665379153
70.21087473431177 77.3789144337261
20.22318803341814 70.83800905321662
93.27084629065806 41.50529346874499
92.16297410977668 75.97736571905452
30.54138766025489 97.01105680628473
72.78365746884798 25.628871796196194
6.758254131829156 75.46063324085407
99.48173816217243 36.78124362283294
29.26068679368894 59.536057887864125
63.27278816313595 88.60418452525649
99.13444276717452 43.10916493581867
93.1682190236025 77.39110372054189
59.90242118818855 4.287192198920275
31.472096577315266 13.087408888842589
65.55585609957659 31.737058206526747
42.60284696331404 80.0327190874202
80.90414044353957 71.86172410599606
91.62496086873901 53.470352898919
31.267506952482005 45.199503958872924
8.898962568849878 44.99000347614521
44.012923389717116 83.31532895287236
48.34208517049806 2.9584628926358936
39.558750264414336 9.746857936468222
20.977618870510952 22.08339768094072
12.574636566710717 15.401286462912312
34.77081855698222 93.10826569187007
52.380800146095275 7.689612030938598
15.993998997800086 2.6300392119726346
28.550458284570258 14.543686435374958
87.06429513846993 12.706569332854334
88.32379359088637 75.29374913885846
44.92268555764032 91.65117647313804
26.56510470452088 18.150198443054077
76.74036235140447 83.50709305013353
80.36888144705013 8.683175814013689
26.08868730498437 54.729816853100154
33.345834687389996 8.620814138819332
41.21611516629983 10.025453263252714
83.78204403098863 97.11671130599183
10.281308048858229 21.85274641550827
27.091969653735358 75.73958390271044
33.074181811914315 10.436631815927855
54.25250896716142 27.679781812686887
45.69211655411992 91.03461567422877
54.98534167199297 73.10378556706402
18.262049196320174 0.47579386778499044
96.7084418087969 76.12520091396432
21.51860817324994 82.25904624501112
16.135233066247423 73.50991382001564
93.72548811187606 55.96419235721021
43.87074016933903 16.54406976239725
32.284269736235636 8.23500546866608
23.07414076265495 54.42940002933231
93.00439428265777 32.125831872743305
71.58431354277239 45.5101703928951
62.008557410505496 11.530092451675443
25.709646764714467 64.19387402833587
67.106419217492 24.96209764170324
36.5111859126617 99.94837003469966
76.20244335151602 47.61602968619408
44.22118160781838 47.175855612347405
35.55041729750208 4.783470018128744
50.56299999699368 49.18019165722525
52.426139312046935 48.05144766159294
20.52145829229074 61.27484223504347
66.15986896508585 67.74846363027467
1.1343594820329872 89.51814760768143
76.13366038143504 51.0055473582598
89.52413594878654 99.26910297680462
46.815394771203586 75.79921788969386
25.002698229220897 74.52206806480038
19.48375142896942 4.308090887797745
95.67946777278735 74.9302852985999
74.64694752541644 24.801265430825858
3.6665187294668167 98.7245018573119
42.76590307068213 7.32856679038848
12.980062044007813 9.199416449329556
5.392660787038328 15.805893648233837
68.32735156281295 86.96405562538604
49.247564842499955 57.3301062315659
90.06745536094535 58.08023395931886
52.37058937400166 62.94764824550912
25.418643329392832 63.82481947020804
5.322499699878369 46.791494056210404
90.09541863306971 3.5293247509870507
94.5059739987607 52.71741340419198
68.0310904585207 19.01513059481996
70.19443197956386 1.5148798305366529
63.232127216710644 96.9996298374452
94.73650518220012 99.4378588615286
51.11157869401094 4.857295610471779
1.743195056815361 31.82953772892958
48.3620819849746 92.81800538324406
22.338200776469584 45.01383368132328
73.7533007749431 24.650380221704914
85.04775063566085 82.36325976179093
16.944489827127928 31.925600331721594
25.413854877158247 99.7029804345451
70.93827583760834 10.447324511868384
3.862346139418993 92.92887697805354
58.04893171221907 45.26980827289607
98.22430294834516 95.87693413365886
8.322945982318064 91.32923994384255
91.76116184192439 52.82933670345448
62.93133720392839 26.999175292889998
98.13581924849456 33.85720927089042
51.153528128905904 99.52885890506319
26.99975850642159 88.90210146084834
80.0370363192338 14.569742046795175
88.91101074399751 83.98126925301084
85.54966899181731 77.53154916088491
65.18441036529758 58.99777974997066
66.15572745063095 44.32294586809108
18.042435300003824 59.926841965429325
56.945333748648 67.38665936233217
74.84514415442207 20.792640007953157
84.24588898412577 96.38491627616682
74.6353262342285 84.29298497589686
21.227118388950995 65.66565794043396
71.36524765586925 33.20201902753601
69.36347043109153 50.40009831778237
75.8882187342499 7.301017512342933
48.70412524512027 58.850191064140155
68.560516758928 68.98800194006569
21.272673811396604 45.99882350068869
76.55311922731354 30.129098875450953
21.489302910250917 63.95167613325236
91.38717767474162 17.75480868344179
34.21355173935391 16.948534209530088
58.82918535609066 34.80101084454837
91.14803095142804 14.009725615741386
