124
1.7410909980388967 86.20372030903388
68.86908365142541 72.724690870309
57.937492969290474 11.322964853099894
0.20432830431915683 0.7827435378502723
85.42621815375483 42.79543665900983
46.179338147717786 5.955229400682116
54.09524618317043 63.27899948427957
2.887746915037126 23.28699080147578
71.54452146121437 76.04060731054724
10.452791935002125 62.41847053322886
62.520572744585145 25.248158033938818
55.77315423238257 13.812148134451963
62.28990432698721 32.486261116357696
18.31547382880634 48.739915012654066
46.43894165382524 51.32815996092803
57.04930489754872 33.55724536898301
42.89651799677247 62.595232548799906
91.90065960932104 47.413801302405844
24.754610625532546 9.118502492591695
53.26623486777665 93.58240100469591
89.46432571118137 57.03921260406335
11.469364813215666 0.304607668685819
40.514070999460436 90.07583185306218
29.19595421223863 87.52054349163217
22.726242471034308 50.5713552541879
27.102853226839763 69.6168962620671
36.57827451878759 77.60109988344543
25.458506761715473 7.4681489139632244
57.33233310333472 89.36970307319993
19.765776610082053 91.15137288277755
78.80578667638649 72.82811617115995
50.364275826910884 85.52014631795926
55.01695726112816 26.86994186751469
85.84769091245239 97.20107343642414
84.27941259692942 78.49099918876378
54.01138932292181 28.62194352084664
91.52355247128747 72.21670757579784
39.186786641664874 71.2652349705093
56.41526517791664 35.038727051906726
50.91154183732952 50.45799088854661
10.875736138285951 56.143989645434324
26.954102959969717 29.95490460272411
37.832083540910546 38.731228702232286
42.407623585787114 6.3402995778387705
29.380198740752395 20.724465509705738
58.019826607589195 7.680820835538482
48.192049361202 39.11327101730987
10.37478120355242 90.29254893845236
73.46502852657466 24.35826480778509
51.82645985426074 48.06716712636223
96.1505077612527 27.546011435806005
47.17498259036995 8.003466802741443
22.995770965876382 14.529279637670667
89.2376898460197 53.43520671857086
58.50049245692026 22.844090146374242
19.689131188257715 75.56502764881868
92.13512219793158 29.751603386362536
39.68845495623869 60.44529968347238
80.59046335467406 80.1055726879726
65.08717722037186 74.32769097048131
98.51855036975076 77.21499768803973
80.4186943371815 13.916929155633051
72.38563918271751 40.793084803052295
75.57114686210845 89.20544506237351
0.23223874802700273 7.482785649884782
99.26437142852205 28.242816946460948
55.989522450373684 0.5881699580846167
20.85026152055125 46.899719952294696
96.44665578978082 86.64541592415098
55.20153154881962 44.51495937899753
51.1820759839769 52.924773297645686
99.12900270480469 99.86140771029756
67.34814238121703 77.6677374824478
30.32872004185846 27.197204362081774
75.36342888379292 23.373921875701676
27.901448128087647 36.026957116997615
8.814564054806285 31.463154910416947
28.028331039387268 10.670373228945529
26.95775354773219 86.9641738668319
31.497563110601245 7.035128235693278
60.56410584609322 98.7341630954212
3.683804370143351 92.58191544950488
50.36645108808481 35.31972925961229
49.933133156051056 85.11159260189652
50.8683689496065 95.6308943717305
26.99049630375212 63.15119168728023
6.500660565854699 38.70123981452218
52.55449294668202 52.12620817170269
36.52611605225311 33.82197740742551
15.878460044182985 78.52392747271402
53.54818138839854 84.0673645513808
46.71367885282196 54.373620666087554
79.41166097548127 66.04212604729206
80.62130421866749 66.30353239752344
8.422063254653423 92.00242012727848
45.64773353250404 92.03177785544695
82.34769521964681 40.487406106866494
60.262634301816455 0.3477210093625782
79.23801100763993 54.07756081328587
62.13343943603814 99.98697948108797
94.88271873459158 23.03422512600334
39.91137063006796 1.7076130106251752
86.87398071750704 63.07550519706412
48.76811811679072 76.25664155279316
83.24851110400631 34.840430404412935
10.024969708177789 82.3651062310382
29.058559678082872 45.75280508805497
18.43504287451716 65.34570938426559
89.17306599815049 46.17787912194332
84.43485330267352 72.5882082068338
80.31775846636958 28.401664591585718
29.85196814599972 19.69643404218858
54.75435740547706 94.23081504090986
39.55629605852356 34.119029601289974
41.453983427693444 6.768809006442211
88.63470335788473 96.4871204380317
7.6364321989324635 0.7518645906470001
9.2804004918706 32.68576754952679
74.87314981194172 51.600772702616126
76.47915327317234 92.87398753635992
8.011517156357485 68.00359699043331
69.74240664344397 38.11900121890858
94.94572367783569 88.36148208988371
25.366794129202308 31.514825649279153
