200
86.14878474752157 42.47235466194201
28.352518242661283 95.39688807754213
63.02339092697158 50.757444225884676
45.24129948359041 57.21458580770407
63.60693401810965 33.044541867688196
28.03450784323647 91.76065368223848
25.833680729482744 70.3967873344807
90.48440412313008 97.32452686058502
35.105477733304845 99.13759604818726
43.51474801434424 62.34244417011576
84.97598417894066 11.58662898045575
64.29796767036825 22.2279439898341
76.32774314343202 65.52330271185855
76.7008744256516 91.24600762118793
98.70163655849369 78.12489238070124
96.56874929176541 59.80581582392569
27.91714725957074 19.897348010736906
1.389295061719198 65.74016674141579
46.61313278251994 68.19004112359085
4.976382225302611 1.8553037339724798
35.9627397074646 82.30658394946359
41.101189755356884 57.74303660689567
69.87992005932519 35.973099468697015
97.97913776932569 41.199247992641666
92.03230562255511 92.20731005350395
25.64414784760187 17.138310296984592
41.69820959965508 17.097546226295425
41.27713326246904 40.44230415997067
28.344524823322548 94.60325735458862
80.56016813151125 58.51330220831545
78.29840854590863 68.1983277802616
85.97498573286305 88.67197929236296
51.3875060071372 80.23843943521469
80.63238982898413 14.55992540722132
55.40955223526773 60.39671534573785
78.92185388921587 51.460333110298926
20.19639151140229 82.1340859053017
50.29259547802215 78.6723998707103
91.69921554861101 9.937615639403319
55.03628819769373 52.78896029145553
8.297471225872755 37.063952480812546
10.785926315071814 36.73679393742517
86.34065168647808 39.67308656318108
94.12352243315082 3.1929224235172637
51.772982920787506 23.23839238678368
1.947840803398937 1.0183594055205303
9.982356672505732 14.896474203143374
28.943461509529854 68.75140275671589
2.0583196469299625 69.44941169622612
72.29685710311416 40.26777029828098
55.54113549802746 48.735236545401506
58.77036462567769 75.68116036104907
64.86979836988466 92.19561911090447
83.6341173001467 5.4576490622339495
2.000265485975783 87.90948269284259
23.59280116645177 83.70916263634824
84.0292951599632 45.088704207026574
96.89556275305755 68.40881922638661
45.99763750304396 63.4260104897654
87.35758184142837 52.38496666744417
95.35413943072906 39.95671499882949
74.87226536873882 41.14312606312366
80.5043865572991 30.87801313834403
72.73777680095823 11.023991129009724
56.8755879781851 87.96826268242111
74.79101823763615 8.493801348932173
88.76223817793111 26.743634184453924
40.414738882712406 95.06113285547822
79.7329777019571 47.19701619013781
77.16449814360638 38.55600148264057
64.07890537891548 12.017223598510096
98.50244674524703 91.29573625620935
5.335424839694958 40.893738721965676
20.32923677770182 42.790183810389735
75.79628869405873 83.49053069664322
34.263498090297595 24.01652089449794
54.34879236268762 91.6713200623058
24.1951780571939 44.657859879976556
81.1593549829352 98.2131417565664
75.86174429242712 85.56068538128069
46.618741139343456 37.11426959303462
68.91688807671518 18.89255139961299
75.38651216644826 52.76943080350809
72.4379657427545 71.52590585830706
78.35151882992368 53.205832701442624
71.99455243122884 87.24290663011386
17.84988526227389 18.392103421423833
73.91775680857855 18.97275866218544
90.2424557230667 22.270005895587275
83.45609104468704 16.18914770156118
65.94098561167927 75.61548031532227
47.62878169154084 95.69452888915883
52.04553750636892 23.357920823320043
36.27721194025191 6.3234148896398334
17.917452095585272 13.08886377735684
89.65227164978079 65.9930988606367
9.712531891906862 14.391593712427564
3.083951931845641 24.35625258714871
63.53599014819754 85.82032570469765
90.08331937443374 45.776861200042575
36.727511112008926 66.79595817559904
20.0281561358705 7.091918465890235
44.752628855402335 51.24769495273011
6.992080734147121 71.20379271986934
68.64106754443915 59.00094325367032
1.6577076384722056 84.86547492985288
81.81034793411347 68.00497628877852
12.011297896832218 8.877942600817123
68.86915649298314 45.394908777656504
97.1932346595921 78.09118660223405
85.55118481802462 72.10482098312643
83.59289371233619 58.18770372675516
65.41084827987673 35.978426691828645
76.7245687841554 10.501197508178905
65.54150586387927 55.70875636017279
56.455453562317814 87.07241269678386
88.01224418224265 16.49175539764922
33.46849525558925 61.307450722846404
24.76943699187063 98.51580817151537
24.78602178888186 86.49052256454944
44.74682002488347 2.285343719746291
68.26916264547123 97.09349233514912
7.254986613669201 64.77069043884858
13.810137316073835 87.62112353482124
60.68188754670651 13.198333989539412
35.278436502592484 60.16109907218337
31.325373922896482 56.413792849640565
50.92930215152133 35.707843238131666
23.21158811856876 52.71005258205117
6.3562635023540315 64.89234169524259
55.324977384790074 63.92436298919855
65.36894710793086 67.16599740036759
18.316857232123628 2.217287462151074
21.67793138488855 7.910435409295458
58.89808187145653 15.337990588486594
46.77590840555814 13.082400117602832
31.268918683936274 19.167560841470387
87.56155652955428 61.96421602773465
26.93623869262044 92.66108490695845
72.48173187187157 21.778161010054465
71.4654897434323 46.02145729565805
2.5458556671170474 54.42998880431149
30.185995087913142 4.1381289476395855
8.015594629974077 48.571215719447316
66.23596144449316 77.82161331687956
51.491767714287086 94.80221607414909
87.93517916668083 3.358398611441382
41.09354007776227 54.56992733596917
77.13500787414723 97.33860848181236
7.941871363840747 59.475949301125844
89.19883705208068 83.78212824833683
17.788273631224826 26.307997702206364
94.45106017910085 34.71435440810691
56.420810632573485 43.86646532036439
91.99463849192104 55.28064725950671
87.62045449877446 4.530209451000822
29.195763005265952 31.581040381053228
49.729502133040484 91.17151145733061
61.17326289486281 8.344361735742268
55.7323332143746 69.89853644284779
7.549456877364202 66.65926413315859
99.68483718556995 24.56710350461958
37.38685287276149 17.689196571277865
97.67035364389976 8.614656437070622
45.01534802925497 35.05344117851116
43.30198528923707 21.92265822803099
60.994612629513334 61.21177444848163
31.267844044247596 67.55283732773552
50.66361360911539 19.86704088701645
78.54794112439691 2.714200660126853
26.80681105598327 15.835817673372743
66.27698389174348 76.72011308729766
52.29929217998986 73.0846341550221
18.299999817089407 23.71288507949997
32.313641145453275 31.49213474288375
89.30049170114395 26.348836611249883
33.77608388695743 3.595768017876755
86.5263900294404 21.64609665482118
30.385263046466406 90.23642682525214
97.13527504675335 25.23343116413026
76.56831467784488 93.01531294781215
20.36715448975923 50.28998385762018
86.54865452289724 0.8394162775550496
9.72009403743359 12.883825830920493
21.65710168244569 94.24338159352638
48.95329621606874 14.594196515142666
51.59023928820974 10.940967180913553
20.78953875994751 30.9425065199624
64.64124995580677 23.417797255240092
32.304973574051786 33.433059429876366
7.015816804080421 62.64689892304632
16.294294718329116 72.32588096157974
67.03888903340689 21.89577509831303
56.104648095233436 48.93373774663328
54.91796889004016 11.493377470073195
39.14089535341559 22.489919256780546
82.11557817215424 5.206516886209977
53.417145528606405 12.570132536058642
49.91818521016101 19.12974591172202
62.492839729893035 84.138643005212
