159
88.7261902851448 25.94017922883034
6.173125440068183 91.24184270838678
45.45812133945512 85.86796362097246
72.758965470715 4.115265460697659
10.78333148580598 52.451860041745945
88.90466040441196 40.33978513129743
47.14342926560574 93.74061156504139
57.714380030681845 47.750364756352184
96.52785650795035 71.25740671644041
30.725002413486614 79.03271953280452
27.06316462858339 24.73226548562002
23.298653324441688 52.93334533481169
1.1719563409870237 34.41181691093548
80.04473280063944 41.0182350744539
37.38373047507655 16.625250127068625
17.498696733351537 11.465081910494025
47.09727617139977 63.82123000883474
31.586814484684655 91.09727560710765
63.21213348816028 72.22867605225794
14.747354981649908 68.78211790815378
58.456431901108594 31.919355538558225
54.951478053411115 59.62534307972896
9.707315172573294 23.18767513920774
32.59540207727459 33.384463220071716
9.329232207574378 56.79723096508737
0.7546700387375371 54.989487301289444
75.30380874157403 60.87976125877689
7.1661700498685255 34.804632332874064
91.36808193416641 92.05103952193899
51.6779240253812 43.119630821333274
4.158783915640729 74.88000082172275
25.321332389094366 77.52546213632995
54.83406864426911 12.543424424507577
47.8061299752581 13.533015143704041
59.04021537845936 27.48434545952184
72.98791572744263 25.60374366539534
91.21601333410973 0.3706154859099309
45.020158326258134 68.2313996785231
61.23879262103653 9.40322773433656
29.62610624781715 10.590828869730629
68.46093957433763 38.378518529631364
73.02162867404111 51.656519494240364
60.43114115577409 92.33071075064713
38.38157305489318 76.94111039186056
5.50195469183119 22.21932215095309
66.79033919406324 6.775402054678448
23.649848015141018 13.054883216708092
10.278154240815097 94.50484239959107
58.990126706318065 16.977308793222655
25.892948976579376 16.995884530397355
47.89526926505153 93.24064619361181
32.7744984186824 4.030950413112599
12.416167708034532 21.321719194405166
9.678364694980345 93.11774622721026
63.123276501140204 36.57662071239972
75.13548546942866 96.39964728521339
93.43170990581028 90.77277912009968
28.732950717388896 12.420390845369035
77.19862313335246 93.26994828606838
75.62807233554003 95.75642161012168
69.79205921260709 50.97902516607027
38.85240645953674 12.857512559550678
21.86403448610903 67.50132524592338
74.73148321149925 7.190416268758614
43.04406503777988 15.10223822599307
2.743719143347656 4.277865093784605
6.330510556529556 72.87180992108256
72.24860792492446 24.111212963741213
41.86240410116089 32.81718143480698
23.83334614621958 75.63571662868284
95.4284830636111 10.910094024195239
15.216887786146692 64.9751183587323
34.1689210835056 54.66844822335347
59.68436507106407 38.9467140015861
19.163265420892905 36.02815071114425
92.30353625277507 75.30766153168776
99.86947373516179 77.2169762185038
26.847015614512692 47.24263673002468
37.53175441878946 91.74428155980951
16.048318810387485 54.50875598683478
2.317248221461432 54.949978079370474
34.47173536220893 89.33390212407008
58.34988404768649 71.58317448655814
13.202953652289274 70.62409433349521
80.80540969721885 24.583439477112236
12.890100035780339 76.17182889862711
62.57030749608066 26.46590260033941
31.755915452461725 40.6691772630013
98.82537503262748 34.37317265091886
14.169013148593601 44.896728362336304
86.06211424515196 16.336590851497146
65.28777849040559 10.452279401688758
10.322671958475283 22.23497988930824
44.12187864472076 78.49648595800139
89.05525748601039 29.560338696616885
50.350572385642444 7.403513644529047
21.040455888715393 70.11005967835804
8.975923919642682 12.547666776990807
14.561797232103647 8.197713101856664
21.735084130561756 12.104362885549936
80.6134540667468 50.83384071621493
80.67329887525919 91.49666791938951
95.95807673959477 2.0729934274270168
6.464506923670066 52.45830942365938
5.427631797747667 79.65666287719229
20.747208956219588 30.84656632829673
58.86877623833794 29.822222761842298
38.64680662479476 58.075730254565435
74.55086767759894 36.65028440707031
33.296487548474865 66.1231540018858
79.56126405068107 80.48701561622215
18.36998990964598 20.81535016837138
7.697808391671757 65.59266349441536
63.75888694403857 6.120454442602807
28.379719241534897 96.36825148987695
14.819149689108002 53.623663540046074
35.42731794701819 37.108296475005034
43.16892122114878 67.32440840468408
4.589071201283879 97.08550703737991
38.02357330946724 0.8013675452055002
25.07228986679271 12.659092464836208
31.513644719456735 93.81150882218878
30.132339308678645 24.94732793905805
27.487501063697096 18.40111490781672
49.78894683263193 59.00036388726061
33.05962378097141 33.48509930527002
67.15020629217607 64.20001805107577
88.04415751453169 61.832948201961756
57.14645896936557 79.65168296218032
13.910288994952257 84.97425344261632
99.67231384946699 90.58138559168809
12.312574193155246 49.00425050454187
63.83399428863662 1.4790306617282867
2.4552992309649024 22.023737428803546
88.8115693523241 5.3368314816197415
97.72892126725554 32.1308951140036
55.87809791061763 98.91693195290186
79.69189631624575 86.21000938821457
12.782009005127659 40.42879215929717
76.62529121680193 66.55344617126065
19.012421775032617 23.060699130810626
2.2564145303172967 81.62779499861024
6.93642665362354 75.65147695168258
57.593833599154365 32.166666339987046
12.421651509539789 50.16584073279493
64.04037850762138 9.433245270935487
69.32827243269348 82.60545549734194
19.321928948086974 4.764815914399967
52.05881025889043 30.796919056960327
90.64060540855996 14.024627334127192
73.82333706192392 67.44753897610909
91.9224411021224 10.454800478723103
64.88031852539183 91.46245267962804
19.962302350924222 16.72848152563352
57.12825795719269 17.768761838993143
33.436326868978725 37.01648190351876
42.492557717400125 15.091521886878533
83.2467291698117 87.033345542802
96.98589904952578 97.83625745141899
