14
41.50457955070449 87.63493063678453
28.54409578522602 72.91658988357594
84.25347132706395 62.77165333505382
91.69090262283332 57.28106029609889
93.07785534209651 15.865708471325446
84.20661181811067 53.628346525597
93.4430437952551 35.40034936142137
90.8423251785009 11.984797003725745
79.03226700807961 32.06680926919346
85.4860661125481 97.57788264693627
86.62081614476249 51.05260695869384
89.04222832071586 40.29664344119925
94.90949759011222 18.241385829849456
19.895755793076543 19.512297069144836
