188
25.776202311363562 22.084028463684025
12.654760226454354 81.70085310564401
61.632030525781055 68.86001918535736
84.23442144275073 8.882731005999611
66.0203805178493 85.33888391013937
25.359551194024256 20.86310632017552
62.38145738568578 10.111357626232675
37.48645123006617 88.45602504313456
59.69071905238638 77.23776763049585
72.90713469291937 41.04539931874961
89.66566378982735 32.740876314339474
56.844443886341054 32.69529584723641
3.6548107239896543 67.1836447264843
34.589319835884105 16.118460477715303
60.17952460133249 47.20209771290664
93.19658742620096 71.56938577646349
24.935979937302022 37.078006393472386
99.54036551023533 35.81541007343865
74.1055869059436 26.732800506757048
71.2308065858348 3.815770744576119
38.40695143511837 18.502129099447963
35.95472423267477 64.48392872622881
11.204815815609248 16.854935544089898
47.51102633960683 60.19044019263836
23.594615869603697 82.4109215545228
7.1367256884861 29.073517675863503
75.22084579256078 43.761328635380146
14.412922790912042 94.65606405661582
31.16676669870333 16.169753121928633
52.23966326980396 43.21389720938371
88.50690827546681 90.81824738339073
51.84651874779264 58.64355951771895
6.541179915571826 41.195511945735305
39.37328842650517 61.11634594396945
5.856752082813865 88.00480054698198
44.19129394123835 70.36661221354129
68.59020218459985 63.60687667549508
87.6199126548468 36.85222821599534
26.60089060881465 31.00516458605168
3.135963638693229 11.165252382402935
61.187351679624925 64.95658887262424
58.9345385500281 13.537607488612103
93.9761015104175 89.90587414904317
68.73898218452356 15.154961387120258
52.24577037699607 3.0951334574961242
28.21992965295732 75.83529229335845
14.704554727484053 16.609209158810955
50.861249056716915 26.507850589884264
95.46512138161641 56.92733103991028
47.986504773286185 87.61826941720321
43.72582993304629 0.012591787874138838
9.666697734793129 11.915451854418379
80.70152405110585 66.21651006052156
18.7176867534234 82.3045778378105
57.59972580090271 86.09259307618554
46.72299134445974 25.976234708779387
48.03641339614194 57.70229772261417
41.41149317122831 51.59082864763697
84.16431712637193 2.4695724834848387
51.68699371117156 6.938699249394819
96.91664603100143 57.90087715964112
88.34436775689552 3.983835852412221
41.513790146755106 8.56512643311712
6.25041638117394 99.30922067901454
43.69155457778559 10.52370020700507
73.88425536447977 48.911147897459095
43.72698596014999 89.39281124422412
68.51274650277574 30.808941928421284
19.250694136611756 92.19108323470687
30.002266980229642 9.324465086981848
21.122303859372394 21.646965242984173
77.91008676328897 11.397004794393528
11.161071644028908 98.52509400395526
99.78656019414579 70.61812597411357
16.42012401445746 68.8466163827275
62.69052284290113 71.51507001230276
87.30013133822828 34.80357550175198
89.4266466709183 42.281548763434486
72.82903981995638 69.65864136841981
22.456270195998584 98.39637765673218
2.8004926795940577 27.528253674138703
20.021457771710516 21.529854648430113
87.82609145458026 48.373348455270595
27.446966753476943 45.09767285104309
76.96813490459701 75.10389888687364
97.32140892959022 67.00160767184167
84.1964693217084 60.53099838096926
15.659643039793568 27.490321396190588
80.03038265103534 12.156532718682545
37.43696655457954 12.698263506340979
11.603401278632418 70.21647510301638
16.60988103670247 66.95406807669845
65.91457899231757 38.092588281454724
46.33671279139787 54.28300466863348
20.267880843415686 85.75382381101576
62.16607460191804 63.84107517235228
33.96792020477495 33.280726823246745
12.678564060188402 42.63802403465946
56.192514932523274 64.62707269718997
44.99397790584146 87.47121272595588
46.86627445639901 69.06561755303834
16.859314978316085 27.650224516201803
39.21964312079974 39.656207355003446
32.215937117906826 33.83455900947677
53.84620085826728 58.37697737685967
17.96657927203025 13.35703589618471
63.65585265015633 29.858744721355002
59.50395544401644 36.805781521265104
49.71837591692597 71.930530102448
49.65231500254892 79.13466894614834
78.89653864892655 20.697714436513415
69.77675036012702 77.5658662265319
51.33301315449662 4.457732576081607
19.015316710326104 44.96419339537562
68.03921309943199 37.07436168324407
68.81026970767465 91.46416191921546
33.19110269355448 16.44272959871551
74.56053830301667 22.785353619289573
37.40255598674378 54.072308623958854
43.74659889130953 97.03953851974347
2.66742318600508 35.50617440135767
64.07344588571365 43.81322367574377
49.46927753516495 77.28092106914593
54.34960287571198 78.38836262241298
39.955593296468614 77.6987857493228
49.53610369799916 15.033367851995383
76.04434499304278 62.338385172531204
68.2739996526844 25.311730188896053
94.39780201832832 62.155979727122
75.70178315183878 45.00259196269456
60.7279096486972 91.55077723517985
7.577713509944662 6.743021174104591
45.70599719749987 2.2645695548641154
50.31007950185008 81.00791982540373
72.084767109314 94.89766972472101
1.1459407795389343 63.80315477470266
14.565193900119656 31.557916108204374
87.7472783901322 90.96162701164063
17.491969028220634 80.3275311759985
32.13009726833692 11.11399419033453
41.53458698511171 46.241044435858946
34.37448407442388 11.181324151208061
24.750958477545826 8.795816583211035
19.820271976202065 53.08042178601382
58.6952049997821 36.10208038633391
47.86997359263502 26.049317076727995
38.24459028066646 50.295420973670616
55.38246673666851 45.65451030653711
15.603040353971775 10.18371206991513
78.10814291422346 10.826857105564224
33.89359395751009 14.299008580257077
54.82182491872556 4.233250405004951
38.78917007054638 36.89874600193536
95.37267411527783 84.27352396251617
36.84206022931171 84.36232025358444
16.81325586068121 7.752285409192183
19.745120020709262 95.33974834488572
89.82506735764314 85.90895161143129
26.317205840914482 21.562551120057883
47.75242104891265 83.23639893159311
2.180897176982499 45.63178148814142
61.871190419870295 81.53391891149018
14.374811005801647 17.136975570741285
31.75971154518784 21.84988506170138
92.14339609705266 89.58568968056494
90.12895827646717 99.13043064742763
36.64752143664087 83.69996930217752
48.723302605525 65.24088443212635
54.596107696188625 77.15543521652044
52.147029353305264 16.819698415812834
73.29820576594481 86.51187673716359
55.9907244195608 59.271045302586
12.794292823566888 14.508406884933866
30.04589533200206 41.527784711441754
79.05241783644944 21.86980113541013
12.735339532793066 1.8212081003939007
99.48984439860804 28.851147045377413
17.49188723041395 89.45949487200764
63.56826824191562 25.283354404302074
73.7301946130166 60.483399079474495
67.80070759508607 31.081164199513655
2.0330069775190918 34.99694588482446
8.438410354678316 27.393638758004247
55.794087945047835 39.05370702601297
70.21057681191499 72.82713845580278
97.8855595383111 68.11594304326331
90.91139350578254 45.67237797133594
39.09454570724053 98.57474736386379
