123
48.85105877801783 99.96298526279064
89.45086235749334 87.69252514041479
34.77088558413999 48.86279432618571
53.511899201856814 92.83608064775217
32.54894924429372 47.8379071709508
91.35901218101664 7.1861478414838365
39.831541541126 14.463568043754616
56.45978970660417 33.92366337906137
46.17421121074793 92.25094075591173
71.48597142571063 76.88524070429746
13.686179000586296 12.280612553734427
41.7158548680711 52.812091885264614
59.56092900758638 4.1849262541189365
85.81257275529002 64.33890626695126
17.19465192945031 50.8765555691524
58.39714631929663 32.50244121679108
86.65012200188656 90.04748476621961
77.59339127246608 84.11564319992037
54.69039481477031 44.591741412989464
25.26306965828344 9.238523705281986
40.16873145498362 57.87191324522405
52.048174182656595 70.14501350803786
53.44396800570047 69.37294970344135
30.44196061863681 36.85098392222744
88.80212278331967 31.76538838611872
15.953636244450653 76.23031041729249
62.402904777465494 0.5219702199723231
52.038657604203706 85.58129966784797
9.1364193535874 22.84014826272731
72.18378760547132 68.36939508574794
7.26561263550246 43.30864108207948
10.446284997919575 69.72367705544362
70.31585871076204 29.682765986364366
22.885374869837715 33.090186473530025
96.02835137425684 93.19812888799454
24.780790543014884 90.655187284881
86.34219400990656 8.834400849105773
89.95399491930922 11.423252105785586
27.450611008012515 90.21267649625229
6.58565854184161 18.4873320232914
2.4544389730963068 29.210745014464834
2.5600225112844766 27.88907706091759
99.06992374137505 88.54729827374858
15.682210909782867 27.604379543823665
85.0988670542801 26.471639427378857
58.37184910427173 5.635273427824805
35.789206701131725 41.99745519591597
94.15196951883966 20.356566334874373
8.886965733708664 77.75497765724911
13.202436554742402 26.13961251583027
58.247419824248546 71.79878187535927
40.07571414931853 68.23745597270901
96.10519334931706 30.02831000186784
58.195588126361876 16.259586401842895
4.945970788576471 42.38754316804344
83.75271580799952 53.16988794757525
42.81927538646973 25.02826187223025
42.45456833183966 73.53705841479385
42.04337431243961 50.515840875282635
51.82025235820563 79.17722035291122
21.782655243557926 5.773723406035969
90.55387580644141 7.938468548152954
0.43230256669604117 11.903081831022455
70.80882747167328 47.37604287742679
12.357310373587726 35.10329831634771
92.048236062676 93.94239077831745
40.430813096415875 1.6764340986794912
50.88887080745115 91.5643915698574
21.90181983227427 14.582302621547727
80.82752522789582 42.60373010363475
80.33228966434301 41.377081254046956
46.627514670032866 54.62803049210558
79.25657189946574 92.40020907506089
90.62157970598581 21.641143025168663
71.04490909321807 41.671137372071264
3.950792670396508 99.50388293527897
46.587251968273115 95.72007789757423
67.92759216313222 47.81092553861143
5.021363763863929 77.32637010901936
91.44773837920457 77.76645026398309
48.02754051130914 6.305346735039718
5.106783592548614 35.554490825019016
69.65140122490936 74.09320207471055
78.13121887320429 42.21516028005081
64.9479516251008 13.841640017015155
11.496637356109884 18.572329391110486
35.37942958566563 50.36441243178651
91.12802437308277 67.21961905449942
32.25474586893549 80.83969430030707
12.646140340292133 92.58965239927161
66.28348483049166 27.558451040685195
27.335932157110364 94.9031729860959
91.22667717517203 95.80932317168723
25.89921531268692 37.84356207992674
42.081057146409016 37.71331553069308
69.19807610785912 75.61258303785891
32.39105248983495 81.16158080718183
60.949951762507816 38.52070049344428
28.744765032101192 80.75218190584945
39.33342684005014 35.83678646240682
11.812682720738266 17.10571745317192
90.05370741148646 92.87560396352767
19.68789865498679 10.863423047734223
87.06824016394648 65.68746085234451
52.61919610573494 68.55420320896197
71.76765700630662 56.381126190533514
95.75705694405742 27.11669478323605
92.12079486066897 31.148696176926695
46.14534977051815 49.378055908696915
81.38680758783826 7.755740676434408
27.837353456162894 52.504125581941565
70.55724644143534 58.778657459900764
56.8484271395854 40.58714332345276
20.990845941891358 41.90725514818774
35.12816061429861 93.18797092302773
98.5573575736058 99.42021521379964
85.513726123439 43.203626806949515
78.89791271621216 17.51637616427547
70.4620716161525 22.296056946910213
40.942162617470345 17.942481531012376
69.17898006429033 83.71801696466929
11.757111057877667 54.83101257717715
7.48248406359523 68.39247998193811
