194
20.00017350270672 0.5948559773713225
98.4676117301875 4.041306818393808
54.56249596097433 80.78992151104465
53.2271541392102 71.2820285052292
8.127006475547605 7.212280528155246
52.21035216805624 87.68631010936218
32.11081428015864 90.15275059836732
5.135873257275481 72.540589692335
70.57084860045597 99.95563197403786
92.63685667898729 45.87983511486065
14.321487569796831 6.497846759363146
93.68926031138226 8.200156326722363
92.73434040687893 86.56316689987781
17.43153124662995 20.703852186039672
43.437055640864294 21.21812402078833
59.02623025985434 37.37604180570342
84.93786749673286 3.689698568556843
70.36189564651694 3.8604850257276557
42.73878165845297 27.2153116159341
21.491070984530015 15.051511539177476
27.383803718781387 85.72431609218235
62.2337432325884 84.982805526894
50.93421960368871 20.373628302637535
18.81806936090663 26.810610026592187
59.26333054548487 18.601409089746113
36.75058039641018 24.977071797800154
48.168825416821534 35.93988843810546
82.96938948449848 14.423572814680819
85.18056379518913 34.40795846520533
2.2090261436975345 20.357799057637692
34.19954632829088 18.578769158967244
81.1215899477075 6.7423234925643065
94.70852156870106 38.278502018995844
12.379963448090859 77.08246264391012
67.16012592352118 75.64218017738273
11.52789293095029 51.039033179057455
58.57621801984054 26.50131190559962
55.786459047033475 99.31164809497017
36.67432123066138 51.50217869458875
55.39235313427267 98.49636877838523
7.970791668101995 10.91930030060123
28.652707614803287 42.99805819031902
84.99627199177743 87.71399216735463
29.708113616798148 59.260121620464325
5.576411244673174 12.924406658221244
97.20125488251422 85.40327455661955
57.22641188272832 42.690847117331344
2.855927146631243 35.4406465216282
71.14923149309485 34.35898633055147
44.244592820536546 71.51577974173941
33.252705813757025 12.965126085117184
70.99852137272802 43.92423077765281
35.0014037054289 2.699984180269943
85.6643578078819 90.1702025012602
57.194600857632885 67.38983247768809
76.59119693750425 74.2341926248795
13.956883586410584 75.64573068292
80.83975034404051 9.024344490310865
96.07181829510101 34.08632011932211
43.107963654334256 2.685857444989803
87.43339299620021 20.45326007624081
79.00756151890639 99.42106395958146
98.03629137953553 69.06845889539703
14.999720071197453 52.47810065499902
26.34505257632688 82.54263900643981
93.15426481208391 91.03293226468175
53.74967454573214 62.142882238853645
71.84952088455242 30.44112676045546
37.79245219372244 63.29257566893504
36.14639555058163 43.33211761921538
33.0497391955039 31.46424140073907
11.47234196657665 73.36026285874757
32.29390358897716 17.470715445106087
20.042780201103017 63.1250122337785
5.159517867309804 93.64518172611002
42.13830150306038 6.3325407308390975
49.622290877022465 55.1727563143082
42.16214045084599 77.0763325597766
63.81123703534103 24.223249684801463
27.17602956485535 18.833649298338106
29.784266085092014 74.5798970237976
13.252610199714422 18.148052309307104
30.4417288084315 45.93227352477489
68.84841424564551 47.3554941123397
20.58112664042343 75.80098554709174
46.70547513497715 73.4008847272313
31.793295612106643 52.180879602636054
69.67171213576982 36.360532542314296
19.379744127802965 96.13686763275487
79.89657673023414 8.48106139587509
66.82772525230615 11.969581938268659
2.6796755400426586 87.80789461518718
52.55149327991438 22.642060262383566
0.53723338861279 48.03327966601435
67.50853275794805 64.24496126862923
79.84575234350176 50.18070143252756
3.0601934348662985 8.91318760334875
59.304208535785094 11.064445241679554
78.96147848653699 15.693106815821444
74.42290568883298 0.37828055137461014
41.72897503859815 86.34972392860011
37.14502048842706 27.522064680852488
31.760367884992135 86.33031024962561
90.23974077361927 12.06571046400522
75.72696562197369 82.74652172892671
87.36291240534098 41.22148695235603
62.572230573351774 90.11261384880409
22.579510372627276 84.05971621892844
93.33179410083999 4.999777524981686
76.04053323895106 83.84646294242415
22.08245874531255 76.34397564329073
92.52718556617758 37.05842083896126
96.15807410295507 79.91152160224388
11.766266700042728 0.16105818055143217
90.48401636003247 74.87329790502108
64.78235121503882 84.1349545280083
1.5213596904640414 17.597699645905863
82.49263486859327 86.60508060228726
59.19361226024342 76.59511752340057
19.659598944197455 35.54124517524853
62.08459952362138 28.032468009877586
93.9799931977801 0.37212948939721047
68.57846380637503 76.64630459816014
57.693899431646415 91.80878933441792
30.193165553432145 91.12761925549397
27.062750926090008 11.73687140653552
95.76240358091943 92.8714773697784
19.05601380311055 67.89559365417539
43.079852484520664 50.64627573958174
21.944973004006265 59.84193773729882
89.93002248638331 9.151750206588027
45.055888553406476 40.91400378794492
96.99711592211676 61.66248088114861
61.94497211348895 66.34685280716654
67.26387007046634 75.41332232686632
33.05337661057383 53.62042813271006
61.58316672255803 10.786560700104719
81.79136496906723 91.04868897883725
24.92189607144464 87.50392869968273
38.915718352007445 73.14511604716687
61.870158723465885 99.39102095316609
92.20252277890536 36.30116907059636
52.1832787922488 90.86608512107756
10.683058519058608 2.519231953728862
56.767572243678046 13.4240161680934
43.04807387982713 64.52056210308939
59.83353828035911 41.80003221646663
98.05366953467956 91.17338648141914
49.96745753448836 13.330793839509214
43.758664623324904 9.064541457412002
93.72178609713406 70.4868608056108
50.29565539627811 23.58903104703669
1.7519605110798864 63.30293489094168
54.59806771791785 41.594023931879576
54.120185210642866 7.382167866343858
97.04901343328144 99.32815925119186
42.69675730417967 54.779353957136664
47.088643176157284 85.78900299622995
80.22449322162521 53.760183219501535
50.13297644378741 6.012434736979433
63.17488373500283 0.09375841332215362
94.22979966870399 0.17787515750108396
18.31670476752124 90.6867750271758
4.873782305954566 40.67480035773988
15.249465857192057 54.014128007896254
54.42482084711779 46.83177780239437
79.33686171472814 16.1771577503005
96.65628521809313 45.83987192413645
92.3967473194868 50.66749849486351
82.12776417206557 36.91250317335777
33.093483338632936 65.36308098306466
45.480260193021884 93.36665862145792
68.5481165562744 96.96991147044653
56.22135701501908 24.015775872144516
37.10333683695113 60.90632696687005
53.70682923917459 60.06597305388556
47.16287230134959 2.4992676451005225
3.5639668930049773 51.45335974667133
90.95008910604837 70.018215885593
11.42884010108094 93.35202471218668
95.5932291782227 40.71445983001559
73.54664927394352 92.7889737701629
28.02423556279894 49.16796723502564
81.54239561844177 88.13508526814012
13.384977571050428 37.77174786874667
17.71179180042567 36.45662522957698
26.99701980654098 86.51824636888229
15.24513993062091 84.63394573944194
5.042218660417874 32.41433741550915
55.65290019763338 37.88805279143871
59.804221903380814 83.20687210610421
20.694491355000032 99.97633674720188
53.97095329428476 15.863487745419569
69.12228505582932 4.645365947966851
