141
19.085067497285923 36.212592260809416
0.2245817204333478 90.43439121907227
81.88958937759251 0.6294323546558234
94.30625321185889 1.4104044562090357
22.757672512055226 46.14720342583901
38.43486927867833 52.02858107828767
9.248289714852431 45.27023064220447
85.11317875717744 28.303992569421823
28.186558167292365 44.08686647418385
1.8147334123345238 10.356617867695983
4.225026111709207 10.021732955164087
29.674640346577196 47.56994775725932
67.28117067674815 43.23624165663213
3.6170202529681728 41.37786625905724
42.35823134873164 79.60154043704874
66.45257040465833 35.182427375825654
90.78915685675305 2.5327781577856645
19.094112012697174 50.31230420546936
48.483388628468624 28.667025540496137
75.04790772472228 16.108033854218228
94.3552173381395 71.21117275445094
47.906665341963006 3.33305146490136
29.03182535290202 88.58324658758042
31.51069208177766 53.22112256558119
29.93111266189944 96.98627566427201
54.905043497891434 10.691873908898565
23.06774328230815 95.04745823764954
36.25807888832614 67.46329382647409
34.031801041975726 44.81875841282393
42.99251507431136 7.924836751002418
72.82528708345734 97.70487269598868
12.425465279710068 62.5344377256401
83.65257431646191 19.603942794693594
56.966613447980116 46.98883666932798
13.092952095383325 52.16699595836604
78.87901987201465 46.07109469816135
74.17476785496687 77.32619778762994
64.44924584522228 11.189413490386467
69.09529169180246 72.77671388784192
99.76723030212834 44.55693261734126
81.2827524891591 45.064434780469256
44.91714923683682 63.85962648628456
51.212795383846064 34.89602044471417
77.11800561115102 47.36048112209116
30.665425362910405 0.6050528519202736
60.15480409533309 37.71674725840565
31.62998776097642 46.540403738474154
85.01787930327906 73.687948531562
75.32102211374969 75.17169943100834
30.996177879889576 42.08120504630125
31.568481042735907 33.542916723948615
82.29311596020987 57.61859997868002
76.11341141581374 63.63865635303544
68.33408482777105 55.19228305562363
11.635011808363005 57.78250906918475
91.20962844696707 42.49508985788374
31.778606084795914 27.716784977425235
1.3233898436464941 27.698298899474814
47.962218071602244 21.23248339025361
75.24471501800245 10.924438665658231
84.8569604143139 25.924620939384567
72.86850795424411 42.615563507210894
79.29334843247649 66.52533271979595
85.40369230683429 95.33474960270311
48.367690472401925 61.74792639949693
15.839844680106442 85.2700532004771
93.82368378613573 23.05894086889112
33.181749069906786 45.09075550883058
15.0698371269126 75.22808010688142
20.88236728957147 97.18126979634658
38.92521012418021 47.9015833537965
87.31845961710692 98.59763809971311
27.51112551688496 74.11103778299544
88.7984207730908 39.83949387807194
32.81435285302769 88.80657433192901
80.75556544073427 68.90589445135487
60.138655816210814 48.29124230717239
16.642795629966244 65.76512401933046
59.710315209063424 49.17875542229662
16.145004945114216 39.67315320076391
57.72679883267937 55.159778979285015
67.58425062280965 57.919482381798105
96.16409215156928 88.81168680463009
73.6485157917816 44.90379002144556
68.62842763562058 27.79109737229871
76.12002706209788 66.80701712082858
3.5716848858442285 99.4394014701206
35.13881074439822 92.03209304513689
19.309547779843072 61.58040166482154
1.066572075104244 68.2977712591221
5.729620688583692 84.85936602197478
18.222627267455373 73.02461696629786
89.51293302034532 35.6249748128847
66.3907941800344 84.7189333793198
36.185212325858494 53.017103267820396
13.390430595416692 9.213457853951645
51.98920076416202 38.47004692247491
22.874377963188273 76.78622849198155
65.26955904928751 3.3488875928998962
67.88473554497556 91.75858560279836
84.6948964779878 38.91005342016535
68.82642919580559 34.81171481541786
47.360799367880624 63.65825381367998
81.27596024889517 59.081441598803366
33.7233134520472 45.6731201591169
55.127105312455086 6.797364175727649
36.696862639205285 66.52313965943381
21.675677904300205 4.724806294313277
97.96561910587523 31.083323710147127
11.00921471250853 9.508276947165717
74.53614779480795 37.479136444686056
77.63301940821928 40.38450164184007
18.174689392797085 26.679533468194595
0.485147473644576 2.7081162807169545
94.18831170370146 3.0894230946839296
50.643537421589535 34.30881950284894
19.134248481971007 44.23882581247904
33.68300231915242 46.87912775182983
46.38010673380985 84.89140641675968
25.079584998546387 45.03938024177795
77.66531313860955 23.21612259397414
25.939967287165278 0.9745359879909987
50.93108344919914 84.02325876314453
43.678241582412305 67.00478912693431
33.30973826394575 17.199083175994488
63.72387613806455 88.2747945244654
50.422193611164154 19.828564349844235
68.18722251653924 93.71150170888407
49.73004590377742 85.48680580834684
28.037533720310257 43.849129824917576
93.6982944848788 4.022615855618961
27.111364382538905 52.23942385123941
95.88488374574298 97.97625433446217
38.601453101851455 30.328274303320114
19.8911438702014 72.64424629393245
32.456998713325525 8.726198703468791
76.13938919187083 31.423299807095283
38.67567443910135 99.86281591421043
4.037784816452472 15.237816264244664
46.097783187376415 71.97102664207695
67.30220852913824 73.40746204544368
