121
4.576816993563037 3.310352927978444
67.9466632197778 48.85935166148426
40.867029940098796 69.54154612651719
75.97726008495113 7.916526657617029
72.63657190756541 9.195178730338572
8.203454999411608 2.603888030946544
32.17035334619135 29.158205550315188
1.0405206084856178 39.265243295567544
87.91466013392835 95.73647203209303
94.94742958933732 80.07877192095722
41.716146562409776 5.637391255665214
98.23122967516528 64.22021579748069
53.06932203142159 90.00113116295968
81.50921557274751 74.0415139550069
2.67312217431227 42.596425197817744
34.55597486981114 29.103373618596883
40.02110980994363 58.049546644108304
53.05158861429262 85.68156468097592
11.152574544777071 0.6192416319351635
1.5538391464102075 47.67595170655243
57.543806593220616 63.63752745373537
43.366371012786885 89.64520691897835
28.79645913937593 60.42280876667462
6.443891456792339 30.313859468741356
30.841009244223137 36.95777256872954
77.69381437512209 79.61917545935178
68.0515278597371 70.78021171312415
27.589267491097978 50.10199789774483
11.042248624698225 5.012778891487136
6.766899124898762 67.56351892299408
56.56901639723978 1.795750520567474
13.421243086382685 80.76604707517767
45.58001188992245 68.96159324656345
65.73932520573696 2.905932783471976
83.35012335088668 22.762968960861052
51.47595226961219 69.21732440352034
44.870526221686355 68.96037342354191
85.33295093660637 32.736279558801826
68.4260767320117 11.859568095230056
37.848516139291334 51.789420520856055
9.407026556922094 16.150728015516957
19.12999223143389 44.0210601123886
83.30429763107627 94.45533647094007
38.91858563779459 89.65615601741516
85.98145955108741 34.23257734806345
27.464477994732515 83.08592573750197
8.329357285116112 57.215782029853635
55.885685385676666 71.99417493627853
82.69097167866846 95.97656910825062
46.39956692904228 77.53252880336973
20.24540580198979 93.48522811729198
1.5762014749634568 91.04177272631621
99.44681518253029 95.2776088254625
90.68678810732362 74.6431905328312
30.956841297132932 83.73705675176741
70.48383298322635 75.9557477819809
5.041672357779925 8.116651066644332
86.95776939902795 54.11740233187593
65.11350363157213 17.001669244094497
59.733858510364925 60.130971875863246
71.06219755755625 12.899757353748353
72.63367679771363 2.024829687901708
1.2388716644726405 74.78783650136599
73.07913002173937 88.71888763448219
40.84236187118236 28.363292073699952
74.90448195221127 89.69762168908585
1.7522208638365289 45.44774356507196
31.25685104220367 11.58306403394791
54.18013720675421 31.633255029650442
16.86786982112315 90.65549051091932
6.056056867002391 5.261963127892965
35.43347063965632 28.80639112296446
32.720498168857006 31.61020606960008
48.34177001355642 80.31400942757269
16.797639010379605 68.381438834355
74.14876419777464 33.977127171685865
77.57500083231439 31.56856898555852
39.47734399732453 52.170761471524074
76.69619481046281 2.7416103075964204
25.778915633683496 56.15255016770983
97.8200358880138 38.998545070628154
71.1551727436139 20.41802214207664
23.920773873527946 84.06925960579834
8.875619985307214 30.211053382101227
64.74261080910642 79.94396371384444
29.093065944638663 96.6004844811707
67.42022075915281 8.607231713244323
5.402506509157023 91.28563672880978
99.34820519324916 80.5932295161745
95.77584758162224 21.59871149906798
15.062379089628852 61.727292532371315
29.979329051539104 58.60307812059894
63.75456140829564 37.554955404766275
5.475434017389869 43.337553070936806
26.88974272571659 5.0233921323918125
21.069523761236976 31.2476976270609
55.90646229370048 97.03290209703043
52.1037799256024 85.9162709752591
50.39566917507899 37.44755786311899
40.69538072044534 21.59558140921235
31.56708381842197 57.28582372813874
59.080724059580525 50.064869836740534
44.49887421726141 69.24837384807964
13.160064235198998 20.827625393902448
24.544135582202063 36.00090355439824
83.90748133126627 10.628273868930671
81.74064289859582 18.227353994722407
25.927578521189997 12.72427730098611
65.72014709861489 22.80907381288201
13.140455718118204 33.500645386702566
12.488879568912303 65.71339144153086
38.48353830240654 14.961647531808653
86.76437207513634 10.711531492828563
12.368929737120416 2.224767512392556
84.11565212939787 33.45267214674528
67.46130230064654 46.050930798924426
73.7357649903734 73.6172137200681
58.52839315347147 54.84616635846577
30.403071942398096 74.16298782450286
67.57343277846867 96.52106022750976
37.55811684525651 52.394763629830344
