16
23.80569487280101 67.35083447692259
53.99762350225118 15.042437551557232
75.82255081447093 38.34617212406385
20.264369730090404 7.051617112555197
8.184247123109046 18.850373985684065
49.21522917097314 30.078098301942912
69.77303097966492 79.88842324395036
9.11085139704424 47.97314720149648
60.03179416099174 63.5254523195932
14.041032740834448 49.34681145368649
74.10899351471488 62.62133416391686
71.0397613944796 35.91640188479044
24.682919423293214 67.96696333137734
2.177472455129603 67.00602881008143
68.41472484391217 5.263929600139239
60.77487377253442 59.782691802000684
