185
55.33371833417441 30.778891273184872
71.54684700756862 3.03830543828133
28.90599583041841 1.5065064597580613
82.77705694483049 16.863793764002068
49.40752645201306 86.55002518895084
54.09253934759574 59.079912842296544
34.40625995389891 28.747373192533487
20.371234050445818 85.52887479559811
25.539517745058316 14.765586706567468
63.72831566580403 74.58002142698315
63.482684794770684 61.99668985349353
42.15295003410932 73.24240839627433
43.458905310886095 7.5280750195520385
57.849115777765704 94.06426391435654
72.81638557452285 96.60859128629825
61.21584099044818 37.94195583370515
17.839286146593093 86.05585074764363
11.235487284582524 52.42823939087329
35.62883206218873 52.19710673984428
48.896428214176254 68.57912508490136
27.80355446859274 72.81031087906935
54.52434762761443 12.166416887931398
16.23634220838961 77.20579077521752
45.636843261082504 90.83046137125838
70.16838969640848 6.681113378738724
7.398804794219305 6.315318454408714
13.680109685717634 75.80086066085332
39.004503576812496 61.12554606138507
67.87714393581948 98.24941886609668
50.36415611453321 73.47668834632552
5.826812950026838 42.934772671256006
91.10537790877818 30.057835161997094
29.69900053383411 80.25358920972738
51.28747004419139 19.66475374039337
4.272197703789127 70.76696671505121
90.78997998856812 38.18213497194781
62.447573037233816 27.993348165832042
28.402650523365015 85.94919208207004
78.2132364828414 62.40145079241542
52.635518973923425 84.71976392633412
95.00513534515078 97.58935820735857
97.06971232183712 45.114965997875366
7.6048628468528445 24.212395735586234
86.77491760464343 86.32777710851695
4.916952586431577 8.985651281501939
73.22173032769527 2.1898298381580084
49.05253478483912 66.01972826483637
80.41033373829714 54.142152812339226
88.94600386308636 85.48773651739687
99.08058479657102 33.4663359594759
33.1327694008798 7.4804095751934145
22.181914021334936 7.085141112897253
17.78457835997954 12.58630445011779
13.614408081863349 16.567460892110596
74.81073624999222 38.68517040270583
2.5019154666287236 84.19389431117324
7.729069776435704 24.13141196232119
65.46631225563266 86.52937096138972
16.998726448410963 33.572286454544184
65.52073198211694 98.26009583843343
78.57085559208555 78.79988029107969
74.13456911402731 62.00726631683507
87.56916564988039 50.6526400760219
49.519846501189626 39.85288891739258
10.298709074684298 17.559061681403932
42.3341420078146 61.19422589146144
1.5961144558185425 47.60364185436005
62.101913634254714 33.737442838035136
77.79870370910193 76.23234862559475
11.235273488074304 27.375073803161786
59.587385367572054 66.87559332897033
51.724108381447955 58.44105287827597
89.0975031312101 73.42213823178
10.470201941287938 75.07087639787584
49.592106585824546 15.901760645472319
52.14049838184751 38.5542499669151
35.284900032948954 90.28334276866542
58.06249604616072 34.28924429616427
62.266753225009886 95.58876257153804
56.3151023448528 30.296175741626087
45.94467879134179 63.32261950621627
91.24826308814208 32.30440266124711
46.63377742090693 57.83010969886655
64.80349892108187 76.91423037335171
65.49729127820248 65.83547789972909
13.978732201783217 52.99780264822247
6.977662834160592 22.54272595872322
87.69709709694328 83.6117657082317
67.81233092285554 85.84791413853668
11.563322889967386 54.38838473654991
76.5466703099662 41.029531242302674
84.74610610277217 15.043128042775011
77.89228746680566 92.49871924324938
84.8894774159308 37.42950569636485
20.19405308411798 5.183320850379946
83.53375191860187 78.14967210846953
79.69757255509181 35.10170800966104
97.70188170999998 0.6360023622054234
93.12813122534457 4.254825199031798
76.86619391652813 71.8782485910819
22.147938426870407 11.131875293853499
90.62860251019777 78.00471154943023
24.354328064297615 8.07702094774121
27.942107650304916 49.744991359970626
94.66723913433734 54.75490756858865
83.56047210567965 64.19889428789466
54.96821652814299 14.031313829894888
22.199085921896067 84.44988882918396
80.03236218809752 1.766142813862548
60.52515758694273 27.708556405197616
42.43499670725834 50.27001955555627
87.17140853225955 66.44213308710997
79.31326817745928 32.209477425148194
69.18077589680703 19.49401251238667
92.71724028352125 91.5710627725643
1.0021993188159994 17.591419691087285
69.85576583513382 81.90892883032342
37.830909182676145 89.77923755593442
21.879896009430123 90.72391603428822
75.24187289766193 94.95285352012563
99.00835307879139 72.94936651789266
36.75591899293823 14.928106623344828
15.917399992473735 80.11809108268324
48.90361481881222 93.86431511667584
70.05336100802865 4.13752337545199
90.66974446402266 37.593526700437195
55.138347678864285 14.144053803785372
13.5348262800715 87.8310444371067
56.06155525817693 19.26747832172122
90.773395114127 29.057371805532707
41.05450716258242 13.040259530657872
12.322694427553982 5.506658243468577
87.47354549046284 9.044135515139418
40.61561668828191 41.34748449649332
65.19047021318777 27.287539282442374
52.480701642556774 73.31452684252532
88.74418773099573 36.97220703345161
85.97457424051164 58.16084661535298
30.131984805845025 33.33536274123931
62.01447565976118 84.6794370711055
61.55106963503795 95.63702366650375
19.934129826372793 35.086232640440585
82.97943462516083 10.610056186761007
41.602759141320455 3.087213574903336
65.71189136041507 48.32395756005607
34.606163954206096 36.81528898268138
81.56320455326687 99.06782108334069
61.64501740178036 50.81733568146779
81.80309990265656 77.01626814060461
0.3811686560728167 55.92888118425825
84.86751712984133 94.18450785801986
74.1603160679077 81.02660274303139
69.89101688043394 73.3224959780014
2.936757811455104 6.225514086002393
64.27408449131605 94.676497952392
39.7710225654314 23.93366187523166
66.09909371340703 73.2217943984244
48.80488451077637 0.12163936293330124
76.38422705058507 11.939475472228633
88.4826773193357 13.13850188802046
79.28801236614484 78.11820899768168
29.21060873491397 24.85650904580121
94.06855140346526 97.8754991012695
76.00001315708353 81.84575158110647
85.14092793175159 85.82521830585345
43.09950866346568 90.31813632248334
28.10238661690564 74.96462731124011
8.469113070335055 49.544750317620256
21.085724816556407 3.8374888439117183
60.12849471672025 89.07190166192055
47.42895268253031 91.94761656883894
36.799728406681 81.14199414695418
60.547111922457105 18.009577607279493
95.36676006307448 62.91904311663045
66.73210129928732 70.81914482828927
26.585876410038434 10.51322706103388
22.7141569353564 54.85782873862441
17.488766777765285 30.974048776784567
72.52993093717083 18.0347884932619
70.740179655824 5.061732027906873
21.31990449298291 93.44709792536429
64.21457173286356 67.07455016094994
61.36932712462507 2.0949848487679557
22.927510758559798 0.811651163508742
85.22994192703611 9.355719169430976
