146
93.06626202449672 76.88793889394667
24.432359336094965 57.71823929757629
61.81989670287727 70.50185925398873
38.60872064175628 34.56132276153847
34.092162717582575 74.4861984226973
89.63151500698326 42.863179287156264
56.05846894624993 98.13114894900006
60.18708070237167 30.89123658061862
77.20782003234386 81.26406558428214
35.61608743803549 31.516057958524957
28.524651944336064 38.13294282081174
18.404401097466394 52.94587500880641
94.48722640660766 33.34681486819028
77.18282959921663 92.10470716515758
37.19794386090911 44.35456194696656
91.13031056521152 50.003980458389464
72.41177261981746 73.43970745320848
74.85413715227213 98.99285795742618
48.61733535760035 49.38839079312808
37.090603197479524 92.11433050934758
41.452368936685616 68.4793678559073
11.083107267071545 26.282698042353225
99.80836027708095 3.6330659475664273
82.21858625902134 91.61928318616518
63.40116057071998 30.29545552107087
67.02180028859138 82.79565467483147
27.051755785359045 42.869380655630394
24.834946195489206 7.557598439976266
47.498840877162394 74.62876806298434
47.32253547910016 79.95274816468698
93.53829455119039 20.939386008289983
73.87743275590084 29.244794530493067
38.389389367429736 87.56922664147409
16.789976661930904 42.807919587890574
35.05802933779974 63.997644609739666
83.39596703799009 97.17802111736685
69.74429371813713 91.56393611431203
41.340403589965725 77.28230854940406
57.53758989051264 74.02835620364351
79.25453349110559 96.42961659820824
89.7749579253233 26.51619259873056
49.33182081655504 50.0352624281654
74.18542676407563 91.48105398869728
7.823587089332806 16.858078977875756
60.68805956015875 74.98703859422058
75.36478953053621 58.85559619307369
92.1371143072521 25.872666096292974
55.620445722919555 89.2458865237711
31.644120182752246 16.77759912523966
99.54807664874663 92.0388804363213
70.66878878967356 60.22551445038662
23.380083903363193 84.20899651234977
7.922855433946696 28.451067088112392
53.7758514610111 94.6771050815817
23.455373577059248 93.89940791188222
81.46719672725548 49.149694978602
97.88821295577492 84.96295013610245
81.39986157450663 20.082394701980867
15.990986268865726 69.12497788391552
93.78339525341887 64.71935376558045
3.8763056156873477 57.6716706862648
50.15760516247848 1.5177945249779334
37.52345702452801 0.0597331128720513
24.838969648684984 56.49865905873979
48.96749459231711 44.297379149927096
2.0939733470255018 76.87621309099681
2.067869317676274 36.07397451747902
19.566839830417983 77.9719782017629
34.97496433849705 1.9668778418287514
43.71705292156434 1.4990417217938923
99.06314992841581 86.8727508387158
23.79440436522451 89.84841864074339
43.242229225201086 9.211662220030824
55.92750957116475 87.24352067460343
77.3691895606784 69.17395729217179
85.38967124918268 54.66558152195603
40.59927658720197 84.11388727204799
51.57979483692282 89.93809237770832
25.01166974201504 76.73985477115542
30.298344188301364 23.581856193003304
26.903634950310906 71.55704637094327
39.105499174633096 95.72839673360188
14.965335906738996 54.08886636230159
99.08596696364343 60.44878561383137
80.26180463729195 8.065952638100615
31.24856728073612 0.12857404757558033
21.860673426250756 25.762900564259706
30.806608928432265 16.359749539678305
51.224678031983416 43.7358442746156
32.05168054086954 47.6673069576828
15.976768605115943 17.848231399072358
38.0135886330217 41.78677669267938
47.85668615509303 31.461789384918447
58.05061007994679 13.350257723396474
57.791353018732195 78.17661213121168
60.59323995739199 82.42217726559106
96.01552936483802 18.32148761323218
84.14434814996011 8.813873529253236
18.591851512435742 62.320515850165435
86.58192027924486 78.2493403622257
87.36112381647115 42.22781531669265
55.374280789603546 31.140444705819448
8.704686976825847 28.967510984695178
28.865913601826865 74.14616560476479
59.38753573015266 88.15794879974025
9.454633148817294 82.7935684967717
28.981866892519037 15.457081756073897
64.48637480163623 34.5459298928075
55.765675618363275 77.43354732344953
84.18599030834548 96.23299271983092
57.9838230459736 31.377207513118055
97.1138636516396 97.85667480696416
92.00163043100795 46.86600461762735
11.121643331464337 42.6235381773893
26.48125004798676 34.112538428924296
80.11167534116201 91.71394219681638
86.5509454931876 50.884900516131815
42.437765193786426 85.02223951351759
28.652194217442496 79.99903152021612
93.29888907669621 96.37905988732935
51.19294759962638 14.193436145462556
89.11958570804802 61.387785077933046
19.61177602396199 34.55399091471746
35.35671768873936 76.33639838842437
15.871905764433713 3.393490108141528
99.25625625659795 29.50263272348267
75.82089571117474 41.09240272241594
43.45220100705119 40.04590420558595
53.79583954444717 12.098128104462047
66.71180857553544 99.07511175652982
34.03233762066614 72.43285418405861
45.786012664227485 66.43051419906014
77.86222371481107 98.90743039779012
87.71315392439722 53.9534478306377
79.03979457464371 56.08203799310276
27.73441848101541 3.661763715026134
11.708660268543646 15.573550194148567
16.421390130785383 98.32345124655531
98.04719566576168 79.27628160854916
48.56074383692257 65.08432240791788
91.6605088564395 2.1325370594956983
63.524856936315324 32.70571707911976
51.566074463244135 2.9616845226381305
30.89805955179147 3.0748633586505036
38.736708995935054 49.700581179971394
97.64317969922688 73.86379532047994
