192
39.15240806529954 19.45769075282424
67.04659801168927 12.31584690287172
27.670217012353838 45.06630473126422
93.56799261226135 58.883782517782045
37.27047935890655 29.188530238543052
75.50536962959521 36.537444537915654
49.11129560273629 9.843806917596254
65.53678030825438 18.45771161461567
10.955909995572554 32.49816722045939
6.381252081736211 37.642909611752486
22.422072558587146 48.304663558189574
37.451120141227065 19.52672317624082
1.917482759525857 49.363452196050886
46.1114232011822 61.673120323903255
94.85045125562938 57.12452363280072
27.02805807839923 81.08866350742292
40.43746984394092 88.01863236940439
9.316668115814796 14.491358475287209
97.76658080596086 53.4931657129327
6.466783982392776 94.82406394644883
36.13444563076481 53.20404880674127
17.180255791705534 77.94247372863384
92.81224390599154 18.053045887164977
55.67694549990182 97.35138382442008
8.6251664566523 93.91470808898433
45.326820164842665 7.096184140738037
98.71429174592679 67.29158793816477
31.93961985047231 0.5576493139544003
40.622223535146794 14.264438105324162
42.642051650081605 82.2977314450913
36.57856346420275 66.72906329878408
86.56158084285441 43.627795583207174
72.99801544433333 27.06138771635619
32.71433253787406 5.814647013703578
31.578277703276992 35.42980499764457
12.387529757358994 37.26130359880988
44.64343268833267 51.40090465704712
51.20375261806366 31.468769140329698
61.688059266541394 58.93397639050956
98.96280538429357 88.92490804008223
6.722416416608501 52.87759577834501
30.22630728584137 73.2066242874492
54.510564415525565 56.735685737281585
32.04047482933073 97.65743844101883
46.81629409254899 76.52660012048031
48.48734421322107 9.270037347924841
97.77636697214088 61.299555170379826
51.775517478547194 61.416302345439554
35.61910063454082 91.9854370000087
75.56801771911125 80.67204426409623
83.42003939263202 47.78281202771982
99.94877658120653 27.02563336016368
69.3293628117782 55.74219673340557
8.373487625136667 42.04747536991722
29.216303925292873 97.65030502770124
88.06904240229744 83.79413442799533
89.45920623221917 62.768591682863985
86.29296028988624 49.30055617535757
92.23276023300949 11.255536354658757
83.061962502613 59.90527685016056
35.060696964260565 56.158410857840636
27.316696719761936 48.81251781887038
46.20727410949384 35.63287351416936
35.379948447669584 62.101283438947455
33.77176442935208 97.91709859719762
37.08252872273729 8.59521653172023
77.20950278850493 65.38758137472588
50.69697415005766 93.5066119547692
77.59321750835063 38.002861813805225
48.06317390232431 79.53211903392999
47.61400530127058 84.1807124955852
83.96068100222976 76.42461098884506
7.544173253063635 31.3733762678758
59.67067635694647 67.88093666984373
91.38466890983332 77.79165060354661
34.861339939562875 41.21139974277044
1.2086825378997412 88.01452750826802
99.81178003467964 20.658330532504365
28.70930427055297 0.6203399960376887
36.921189445539916 40.98015809875717
54.16267628651199 91.0349245497473
85.00034463038327 43.67954524012302
32.24593172039363 34.14328745724414
97.49603277793065 25.26971641307192
29.388206804902595 61.37411668885102
88.23912786503595 38.09853787811463
17.260457032740774 40.285356091619406
62.17203852698795 87.01223963595903
74.9666344966892 4.258462276618092
68.99910454561233 68.99542226363042
85.73483626170064 98.82740976213931
52.5288511620149 39.18814461582629
97.91772877733614 38.571146254858526
14.596180021933092 22.04262950849547
9.254409895042393 42.285951877437434
2.283999243648993 6.93850428349333
52.38277990022018 16.27916111534785
53.8442656549081 27.949889022826945
20.23016006205298 25.36674589512531
18.02358100948045 35.403660441540495
80.58363758201159 72.66484759622183
90.33258601291456 77.33273804591003
1.387565380193112 21.242985515733093
13.979898537012902 11.64325722526951
79.9598150452457 51.48604370874792
25.43417422413584 43.73185219478979
51.72042543736247 47.67655068326986
52.40260952319385 83.01436739262135
39.961580928811124 84.07742322861755
54.857469942701684 73.82597406730244
2.332179343785612 53.38348298398864
7.201831844064799 32.60148086976212
38.409762759033526 72.18374451631833
10.88766054530571 56.88181657762696
24.695641356664545 2.5273670517747315
1.3374385652962895 78.22073941503007
20.87008123557115 90.26765235213325
54.243948938603936 22.051169769776248
23.690495352667163 96.41240828550144
31.763371827269005 3.683403568938526
57.94169240310135 93.81610911404167
47.65305970685056 68.9272077361103
81.54470515562441 64.0427813164241
15.4428181305322 44.82425422520521
88.74790472180058 80.90293003522422
91.08102413018923 68.23949810017147
30.038643374553452 82.07624813368234
74.96241200065508 97.86207559313172
77.9560598972257 53.533535197681736
88.78746475475981 87.88382974431262
34.65175835153402 17.552001489018476
12.909465666312848 26.635445608695342
85.85738395638069 69.19376586105538
27.61193171122254 87.59865131867414
11.427061169469033 81.86034304820215
94.46622570732774 92.03817841070965
49.53704799163398 38.00593547611544
69.77735030784001 79.73875831330554
89.7106460978505 34.576235341663434
43.78917745017711 33.913505956029425
67.96405324825933 33.872410859463244
94.86916274817888 53.239376767237665
87.22784569190894 79.61198195700499
60.53206487915005 92.80932064776314
51.95548496243173 57.177661019786406
57.8199954897111 0.6794601451228788
78.87486521110309 36.60233870700809
32.696891559921056 13.093962213078637
55.51227963616954 51.85910361151803
20.712671733986088 76.98143709976273
37.33384513878708 70.63233851690687
42.938910959052215 59.3427023164513
52.05287866884799 55.758044254412766
20.70410255452967 18.7237294298102
78.79685060243847 53.12973482527589
89.17657540073859 21.584682611922247
3.0816858082534315 16.389027477904307
28.970627373874635 74.18824063175909
21.467546069763664 66.31671001235479
19.532003693440224 31.95320795945642
34.00362028759357 65.84033803205966
55.223005304930474 46.00419426845098
99.5308764725944 56.85963713458968
52.4166169724239 28.95010690556169
1.1007056083933486 41.66336509581391
62.89374795634279 4.635260082040715
57.76374139390287 29.429146230764548
3.327870479336381 16.765022140830688
47.14598131944652 66.53321045756883
68.05954766920334 18.67363006706002
32.28755619067735 35.199000696800695
27.16087661329788 64.36124516456154
40.06577136654551 75.02712909015696
39.39668130979077 78.05355590921391
84.37304835078542 72.53711799985447
13.462707364714054 30.168318843038623
9.471910755618861 18.068308909118247
89.32835524920625 0.3052643319257142
43.77974734935809 61.638612030116825
71.73434558752167 61.1979493736892
42.62749448976637 42.18148387105699
42.37641418756962 10.264121094422862
78.2167622342201 22.59639689844558
22.811462048955068 12.551553428600615
49.80076490577214 48.33480503625348
8.209294237415799 61.296425024185154
17.588501875561413 31.074887771976933
44.44334937880079 1.5285128815378135
63.50607345062531 88.56906659074888
99.58648129902957 7.504830161554743
50.863869350053946 99.20623308447011
1.040378020559951 18.865854352738655
