187
80.50199165900284 53.07475989816686
93.67967726267253 82.77646630393295
97.65638874121656 34.84868269418487
40.408173008222384 2.97474159871155
86.51016817368027 20.25362580444393
14.497063208516836 90.12143481209252
33.29466380987229 43.90435036345289
54.87779388795971 50.552276351816275
66.3693755116512 49.92766430944019
12.215390245523993 93.53984812451083
59.6573855108834 45.79331019996186
12.259463404507521 67.47265390054167
47.349890389004216 29.066383387233497
18.092517554679745 85.8702745577415
63.441637975073306 69.10753792555244
42.06621024756453 9.88409560459429
0.7377882879357811 56.41249753546261
67.30343946052132 74.34109047171185
49.034290675952306 37.06124688766559
69.49394955932934 5.339727006748928
34.595034435052355 49.28204656165781
42.33659580480147 2.8582000765953186
53.81667840389738 98.76446965068808
53.91967504774837 41.05631879848583
52.35494726160393 24.7426952480868
55.08291455510969 21.7896205384424
43.4388531716449 33.214417109308
43.57419543090246 27.641913817639065
47.39149726538319 27.49501847747847
77.6875276447728 80.28636613225689
37.37895949805612 94.40408424473533
1.433074886638419 52.483681260437365
95.06602321927186 38.78375386782484
11.830678696447805 20.193985525397984
48.95174695286184 61.57602244657042
14.536321324376722 86.45070637900193
83.57012261588402 29.95126449134823
17.74971176885186 69.85703721537855
27.250794037303415 25.077611049088212
10.833306912489194 17.99898973459637
24.87781736346244 53.05776065626715
15.935493453798365 94.963464457822
73.77001636139528 65.69722916442942
43.35791200257273 54.818322089523264
19.949346875653873 10.55413303154662
65.26800264622648 32.468866058101256
88.94126598020425 18.120500190968713
11.834251335646117 47.61040992130068
65.32352303267858 44.21052416589458
99.47730388755944 46.166379926373615
13.70664726364793 44.28230935738565
68.54650742922466 33.677131867242124
60.23489309022471 38.57476722871791
55.30686671861965 45.62465981542723
27.173145461195258 34.343332405119895
30.782334351471963 90.20221332635221
49.12838668240005 38.72780256221522
87.27402790242904 30.690194737295982
68.67826506889826 15.240001146278248
57.0144965594378 38.443109486718285
77.30300619918103 44.07115217757277
90.1173372117257 86.09487040575476
37.326813276932924 96.69903094619595
38.9755986827656 57.02829192874206
71.95096267686301 60.122639932917906
5.696744650692653 15.365131831496303
71.08211685750615 84.68070682741552
41.10227701473331 28.573655468643068
49.52014000455617 17.51875227908609
62.7891239138695 89.27774395498602
64.12269894142936 77.66605517774632
89.70416542861345 88.00493391795354
67.10234057445754 7.182122275052416
98.04411686305234 80.52619928776305
5.996420458348051 53.7148551402748
10.570089744317146 73.47032317488107
36.91580855345117 62.00137074397596
74.04880961123527 32.28012015241563
73.92690220829834 40.52251317109079
6.562178528146545 18.767665753528007
11.41501969761405 26.00171507692729
19.890851271879338 27.12625710882707
40.349482873111754 22.218415949226834
95.68754811485535 85.1161385813292
75.85371134454736 26.410354305467443
34.991924542225895 22.96095936234791
19.100813685449157 67.17646598919625
73.76065824612462 79.63935679974077
90.986369658016 84.70392068917147
32.14811554211614 64.30142700498367
23.54353809518087 14.979037473596646
0.18359811329967668 21.222442058470836
94.55392603258768 17.046531059102055
6.116007982139038 91.41984970594508
58.07448260486638 93.55796337232952
4.645077118758312 26.524392189160295
44.68020048979155 56.60884242863096
46.46196239865949 78.98006930419334
28.58712019127281 23.72558078277114
44.186016951403836 48.43241675500263
59.27894404851517 96.25799028314408
54.77000611381455 98.99357900261731
48.63446633906292 31.292984573782835
56.865273397262904 95.74937919847957
41.63582768116784 13.888911768548573
36.44755950851235 11.0860197902398
56.312467742353114 75.20946579407135
5.173377911322074 80.0737154874446
25.054081378024918 35.45762901441525
96.41568496816892 49.06881173700894
58.08219842100257 6.399321372663436
34.93966788521911 76.73590531395648
77.50431913170576 46.20985770988367
44.497565676395254 73.98327037242682
60.57542227201515 8.19006077621749
95.70188366117324 15.51542958476918
19.695724069461797 89.8097619189028
95.00325623090909 72.8585000809819
25.613605508673544 93.54972506639004
49.29848528211256 10.15392126405752
14.599813986390831 31.124925980977146
8.193002127279437 86.26389520688672
63.178009021684 9.474410027430235
74.45026137617113 86.28493745657146
67.15173606467916 69.5627900238256
85.62189965370776 82.23042625128929
73.76013980789017 30.698925934483178
55.12269865532661 76.90777460307108
50.53818918319194 65.7116680759357
3.666641108088109 48.005233191514364
14.820543410618093 7.211761845530285
9.760258600333616 77.53284978954818
15.121691567364138 33.9238235726526
78.46317900166821 10.367351581486606
77.22940972384843 2.729132803677592
69.67412319220935 82.10155267184555
7.682691378923079 40.312146818508786
28.125822843368454 80.68714715693078
9.415982402317514 68.6088518802936
49.83443030203107 35.89263961540059
45.67323385584463 93.87760769848302
70.92889815924003 62.89234939799285
48.50303067815885 41.823652283539126
32.29215438162354 74.45757852291743
84.21537407960884 25.268602278418552
45.60625935782257 5.39141044830751
18.54801046236252 33.88253846921512
66.34888290692899 73.42422982436216
28.93353690817562 94.58019523995314
88.46945675858447 39.603683255284295
22.704325868686258 92.05330980823337
89.18665224695425 35.64651137797523
1.1155498789064078 45.788112732974476
36.81720133257379 45.46218740470343
85.51404550541892 85.57103270268249
67.27109754626525 7.164228789366356
78.47860736766086 61.79102033431998
2.5342225419224262 38.880487701711495
90.9702510494902 36.05627358319571
45.43640201139467 61.10844395898696
82.103633756107 97.99883760441581
93.38559847861838 6.995838535923227
2.2993009805832187 23.5166792878297
90.535663529426 80.76038811688197
48.15871964760859 31.00666891096203
15.965974643120296 80.89771700048857
73.53286409392723 93.45931146193546
52.44560285700695 28.40045965765634
20.181268643927375 15.46727612975739
15.981055561651768 10.640742622495846
19.22775540928897 48.14645809220745
29.209965801095105 20.649718234094728
87.80341168368231 83.7818217206946
67.1731623281555 19.353184273025846
59.914026590040194 91.4834478436902
52.11034888816093 17.264200128068175
20.324767479438023 7.184011251940792
30.527081810530532 0.5383499694393001
28.749776252396696 59.35881484385923
24.114952795708078 64.47596604575322
29.08552226849672 15.983436403681006
93.35607983347609 41.71283983550528
73.532851310907 69.71603966205095
87.84563253350747 29.944749025406313
26.595173883248236 83.17780786502139
8.901094032546785 30.02984985736472
11.572499636045642 79.19327631782832
