122
51.02704221836726 34.59189932671831
74.37361067224252 73.67963393291348
24.66200329662881 22.51264820609178
45.38017905878027 24.74751846637361
19.128241084241203 23.587193029419996
44.05716025633257 50.74065458453227
67.34568443582867 2.785610235539726
5.905277417378995 86.96529666982549
31.348604378257306 32.08301556468162
38.125987914432066 7.790412099888256
0.3152122949519498 8.817283740201365
70.44322034576889 75.562999557409
28.688462188504225 81.05672654429597
24.07590027357511 60.42800657498615
10.616942975624589 13.098279352978748
55.504670381558604 52.75936629774519
80.39272261080488 76.04099478192039
47.282947338264115 18.85602350366675
63.18946020152455 45.27735608636614
10.238484607683008 16.94531462055172
23.670321103280013 44.67646383974348
59.23348213595274 59.33624020698991
18.61507263872332 92.64414790760601
51.652970153683896 57.17833429835471
96.48355746686418 25.228864259893914
26.419439787473863 79.24361049622374
51.75323648847172 27.00942984326684
63.13619629792253 70.39785829357336
33.38249276756138 90.89143422675726
17.04134465425745 42.935211358253135
0.8400621930969798 13.946460688269646
4.301836225961275 32.878437464968826
80.02562036541335 52.865772870946145
93.75182918203888 64.15491924149016
87.1573407403189 34.52592520703376
40.49272601663617 6.343514464532007
13.771473261460422 25.10875230359636
9.675595979686847 55.824574857527956
71.82363991101025 3.9574554204022783
0.14070470823597248 86.80959084762193
93.07664302168303 30.794895828550395
86.88779831596251 4.6773663347071786
21.854202442721395 21.703619268942496
23.703397460651022 97.69262216867995
48.67904468561285 7.240568796099001
29.216804242306228 63.277296172538044
62.983911742084075 54.978055614944786
85.67586340390582 44.0704902567476
39.991102824542104 74.75585378371147
96.85615751309004 83.69752967532028
9.439156460546327 33.29446275515914
29.280875447280806 32.46835939357208
54.95271879977416 32.241989427719254
20.02843645817104 39.68079700843066
0.2375080410419228 5.494804730230962
63.019718864289395 1.2030147885350728
33.42719089346971 56.399565688185824
52.93794751082874 16.37135850652749
36.70424808148831 64.51252366602162
44.050860410501144 11.317380514608155
57.609768369244705 23.189669346664733
61.13623820494109 2.4750630238440596
73.6191507471517 92.65752985103245
25.84371915779021 49.869304822893525
68.26298562659446 83.10454265576051
62.21845896989262 56.8994493429136
96.18853307795573 56.27325015908428
92.32093756719068 96.92006561735073
33.128454618660285 1.888126517635924
76.86986848917206 49.433669916600806
87.2264269255972 68.97855805629321
38.15245947150876 43.71599064975139
10.520520112535115 66.10387604490009
67.34601272762309 18.022124154662713
62.14039470512063 62.35918601211361
79.44803671515919 11.986696586444456
52.6170834222786 10.543721395682981
9.97883235267729 20.003907429633237
26.54485954493049 3.4618078579453315
42.463689220810295 45.03433564562722
70.28542253816319 35.69469844798336
95.65918665243646 9.589348524172758
53.83539773662061 50.37221438805209
85.2057428175715 91.78980656449774
80.05827792073849 80.0016498665979
90.33080858293692 85.59184333181246
5.013867257587579 26.369958545292803
16.74154723120228 90.3427549427366
33.95438761881483 43.52615591958665
69.3882508102924 98.11322846527744
87.83860533679618 87.31892229378518
0.1368341698375075 32.241533422478064
3.853761786148524 69.49311939825989
7.645147019010579 15.379558530530824
23.97835410163347 60.63068991778017
91.88297666939567 65.92676257729951
46.50070679217302 25.444050636968164
15.816289897540203 15.996653066735544
13.595376212918332 96.92228030382675
73.52729144039941 85.3055974856097
39.396330594670204 37.96793323217153
72.30554601349259 12.947358803818476
25.508779500674137 89.08278163627665
90.6844169341709 28.973688533588295
87.16966862893428 93.16347238366053
47.47854806725515 27.627201365499452
57.22573534198552 81.53856220954788
94.10017598918353 1.6997112314853124
16.21484268568526 15.354471844189044
39.02624742044324 38.16389152019146
69.69533061359307 53.499269158198985
78.68047339166135 14.458905707369308
76.6543690048912 42.230966513562784
54.40288956914707 94.93229178370363
13.085789186374964 41.99021614212077
95.36088583822394 5.552265130902667
87.73407641847851 16.253638139452022
13.277438489777193 33.755330686593865
62.24590590021244 38.37025218812149
67.45849496852709 3.8193809393787026
8.904860272851389 98.16087833088567
61.22305411629257 55.03934725090255
