129
0.314851633434865 85.2224560352851
75.69086228831917 24.583593324032204
58.33318241182507 58.93235445570305
50.2849143594568 40.98856993018555
98.00358326380741 61.807855932015
76.82929709241549 80.41987141638289
52.34016873013333 72.51845262612144
58.70374057386578 31.31521850014326
49.6480699674544 26.64358830160739
19.937519232291656 73.61778319015964
20.029743204589202 88.36454796615477
7.528976868299953 82.1515374455781
68.52651916958952 50.779972024046806
5.079990183536809 2.8746318521260195
91.14643029055148 17.097406578760086
66.83662452554388 74.49390615750114
40.14492324701315 29.183558287591193
74.48622756800451 60.17078104454791
37.83755257457236 44.50698133125003
20.89372882742846 32.740950785447
20.953963114009845 8.223495973156748
21.135261969302356 81.44001074083953
24.543641418653483 91.42185653146446
48.2611063044577 76.86786760384773
98.51126855576324 4.575216461996234
43.70993614890675 59.902321084764786
96.85528729001365 41.78156192177087
86.894411087372 11.281389868871372
29.22280180527369 17.6787759595593
62.42300919848126 45.24478172008924
85.91633689050177 64.22743509293592
78.13242015426893 98.09099427371135
95.27752892098266 49.70376068931303
30.21675320612346 58.04322241654594
21.530326512005416 43.29458419811867
37.93197034766307 96.48061499058234
3.6497188568153205 91.34503933092434
83.40372047541135 77.15929612122908
7.672426252943554 60.22416194235999
9.01815860660411 7.330736833946084
37.752511730638304 95.54217995654226
58.61837840605663 25.670292418596286
96.0954369761662 85.59583779709831
60.13552344686828 40.78644766995878
41.00424475578156 65.49025361189712
90.42186364057243 10.10549487676542
85.81523632857392 53.134903659817034
79.74664493884288 91.09807450416801
90.83412966335418 77.43569754965242
45.65602617983618 71.9243497194368
83.57498610730796 51.87213369738277
8.31259828151667 25.212627442370604
16.26831636806848 71.82104701262242
14.251709250840616 99.06754609153539
75.88770940603706 18.704769864020566
85.35282236806403 33.002877590946
48.06970320609837 29.377654629085992
61.53082914350085 70.63821910091761
86.2349491895121 87.47299939126648
45.95779590626879 34.30597833999766
29.712465644737595 43.429394070377626
69.7582083167161 14.501900410246249
6.470005580161375 76.9049458078246
65.15952741025187 37.74846533566162
30.803042495178335 21.215628972935342
88.57342017736866 64.91069351736255
55.69397656621704 11.498142207348073
20.659343580710278 88.1844616369371
27.429654755808063 39.13680691855258
42.7384519942804 76.06103311828905
43.86993524453055 41.179167701712174
60.42319779823034 51.8039846099041
16.230779409134378 80.5513973309857
65.37338784890723 24.734455680431356
16.4034391672511 11.922380550261591
23.867299312556856 89.87770303153076
28.49276125735507 82.09823792832181
31.77406776175724 48.35094558352478
83.55070902527069 37.60669193949474
50.838553766223924 29.25809153993818
39.578731140703916 67.04812886450038
22.45738293412831 29.719705390771487
14.219671089682052 47.88940569565224
3.6851840798648228 69.12322430536904
20.49338945726431 79.37776653797383
51.57939448239771 78.61406585872565
6.628047415333205 67.92520539182313
14.13021854290516 86.80607331496189
64.93433165591995 84.38221623156458
32.43755442814765 77.43408650618359
13.184510999363908 63.15182458156854
31.15424907863843 70.445073167287
51.42092445145548 42.574771911775045
8.702431801779776 87.46893834778339
58.79309838557011 4.0263791122195025
23.63109068129836 55.02366589200469
24.405088156120524 31.799384961288247
89.83483715814224 51.917335030639364
73.19367245452581 31.50417513808188
76.62259494013789 28.13106127192786
86.62864664572218 28.350216172507835
65.13264630289198 36.38827080724403
95.23580038289097 46.99046017007276
96.44141640631344 16.435138698837214
66.4588617981907 52.7962712940081
48.07741952766437 66.10366173517517
23.570714437284977 68.05216065361421
16.484811845725723 5.966171012343491
25.457993417817846 81.4296184885136
84.5703126473817 67.6541010869375
3.674225547132093 24.945931412035417
1.6403354728342423 30.29485512706428
87.51118650098762 56.730351363366815
6.171464591406783 65.8139801400371
84.57575789061023 34.397063484807354
92.98414511185317 41.30937539539967
31.017424782361203 64.04123183112264
82.04785287222491 93.97410365855107
63.413807589182824 9.909254925842781
44.02053101578082 21.672967066323203
48.05067309921274 75.95004690087052
77.66992772102655 53.421925409693706
70.79984519529894 39.247920318439775
68.18306409283247 32.913875873451545
26.88090027003205 35.38080259348803
76.60747922217094 95.78525052416768
60.18215595207368 47.6180418150307
79.52183705461302 23.698503983415787
10.05342342107447 49.39407206124425
