168
99.65006328937993 75.41056784452081
81.66074783042747 41.21037888719851
19.984931413437746 99.09938130594533
85.97077081126453 54.64636240723226
27.85850919179581 76.07304085405508
45.97017107560235 55.556389339621845
3.9763540247490625 19.81345507587816
86.69592765289288 16.00489073183575
13.957088319246925 93.92070432610528
73.59473813329299 39.5191999666381
10.637946739926296 94.83074881567593
48.686356505108975 98.34156777236316
84.77007033976344 9.99855810952235
46.40434796582821 43.02546303882432
18.896283691799642 82.64785440995115
74.3612374631976 69.51143599235733
97.6297307642311 93.14836411040143
91.06254138530038 88.08985966846214
99.46248567440857 67.044164902343
4.91045945898374 20.16916639688484
4.987933298299541 47.33904130783648
45.594185169667334 85.78075715415027
14.5793539359121 10.76730784666864
47.88081665428192 52.80177044444366
47.951366092824124 80.28265577562587
58.518981073942314 60.701641936128745
64.26356891907196 9.30481986432844
35.79891484766554 36.91552803756566
18.850139510867304 65.00243743377348
93.6239127890272 6.560122897135301
79.90826708024204 4.4367642541971675
17.522660057993345 89.11998015355202
30.027807658959603 72.90587434862837
94.32038989116772 33.12093450913669
36.96239020764087 82.6698175873805
9.177564177196151 3.85212591473163
70.387608370879 68.23009550090883
32.770821031411565 4.578841724401251
40.983094797695074 31.853806413105843
44.136801040669994 39.57050854568129
46.5830861274892 92.22898465813499
21.926574583546575 6.879457530314159
71.81478183098277 65.37170338159588
22.640140523597264 3.8416603985138797
17.942202690992293 31.50486731737826
43.998425345980394 65.9287810284146
85.10974234766036 85.2534547500181
90.7102582185812 17.768230950739362
23.751782190522707 57.65973815183617
6.770136898347234 5.529622875784613
13.967777105066514 66.08226820664432
75.21974335151704 54.83658765242596
4.790408557057924 76.28202260160585
61.7912918413771 84.99248517631847
51.377940313960536 24.709808296606628
51.61557066689231 28.102981068871824
33.793800827264256 74.42549596096279
52.55815407923446 35.98141458963015
87.05383170053152 69.97319326930824
58.16240890951635 21.06220523171927
81.5276139030242 61.67768699406941
79.20948154014401 28.437457591324744
81.16205556707463 59.00711551576367
58.61252291204829 97.4679204290803
20.27634837123412 70.075959851535
24.39604283319654 52.302347990977196
97.06575450077467 55.41437340089048
92.18822737360486 46.33851684106669
12.91998696159322 62.25091652053221
39.93022929202938 30.69347839842569
98.73874293138559 76.23590963214538
79.26914035207905 4.180465104598485
18.35523275423264 22.624837495510143
28.28567627545039 46.37918091546306
42.66998127658417 50.98848164411858
68.89105333388679 54.40760128959185
14.572489036914572 69.69678421415347
5.633341513457413 30.215673713364332
74.88658950568237 84.24307054647056
61.75802822842821 26.884511548150968
5.333172532568831 62.04564482840399
43.11354885773711 5.743081117129378
62.18880703563057 79.88551154590427
9.493864632992254 95.75303138892906
57.224740871337 20.394046888050156
67.55146450155613 62.07792212053205
76.80040522914435 94.82390594481345
18.89696228145269 20.74423253949016
79.09852671116991 0.17237514641118556
58.51539726236016 56.14197022379922
36.503769007221635 49.09964246703263
3.810567458138825 46.64575107275585
40.26230592330043 31.404916070771826
66.56778064371655 89.73880541996824
94.86282982007609 35.35363216367203
63.06381118922148 95.35917178444382
67.81112077748507 16.56305877138353
64.65153122740654 94.89840141366928
99.95193389948311 77.3988003308548
14.503837384371309 51.00367991178788
28.92582764433739 77.25497965068094
40.7890054341961 2.1795108091173465
24.263230222866895 81.87185798527491
35.24063787532942 5.012213474557036
88.90438291082063 78.90582950368558
48.51663377854724 29.065927558881278
44.03052387311972 68.91361470948243
40.63873400149824 30.993190120891235
80.8191802433063 21.0026860542592
12.339880502996559 56.11902309085346
7.954344547479009 87.25971425094025
34.13941177924805 8.117614381827876
4.670508036307908 71.82625195142224
87.1514649823365 57.51495961169589
20.945070560215974 38.420829166273954
55.859389568670295 37.081841406865564
14.445686956042003 92.47057340612342
3.8803437152039266 11.577119341222087
31.18182096722616 25.161547164742814
67.7044260596776 17.120202686318276
15.960336067272497 51.55144583853318
81.24641811465251 1.3502428342587747
7.345414677541539 70.22977897053408
89.14723053200025 3.790370150467104
11.677209331307303 75.22786924815912
97.66481012924125 85.75586156636095
98.95649372307635 55.12621123556624
75.12687200167267 28.908145044733182
84.50865263041707 72.10936840606095
19.033578929137317 9.87935586225117
69.68413006696154 67.12051530268872
45.51747195234442 35.07261763176825
98.16794763595303 63.95904891200591
56.03642269408016 37.76544617193965
71.33377731324622 36.49427941449041
1.9469100966446495 12.414403084061409
42.804756690466164 8.929490051361233
88.80432532803223 6.898179181253217
61.613747627502605 80.18891861595395
29.298992207688322 21.956867386371727
12.31340159882367 27.554398765245136
19.236120170071136 33.00995816096701
19.92818818515567 77.62492060710616
5.640826940490662 42.90354037091441
37.824038708683496 97.77940599691277
90.62313677806081 40.52230083026917
44.269837009468645 73.55886476903747
62.516208770039164 23.998242846416527
18.142001802642692 10.730191894788454
27.267371734686595 60.16651506918041
90.49371903385769 48.81795225346024
97.56975580063961 97.98881995446364
75.42341364300653 82.62914514937597
54.68330022079117 61.51519354098925
0.6986849841951748 56.54908129854628
21.013778456836786 56.46342212248617
14.452505564203111 91.2941715419559
45.837013118124744 40.788702011397405
7.244991604722162 38.83879861493724
37.13253652174535 49.086695754994416
77.57392504200129 51.81496187428139
44.43368354042387 79.0795884839975
47.79411915655892 95.7967968323229
17.17112197411641 8.406819289480616
47.440855880346376 81.4149874495625
95.09394655738969 35.49700664902278
69.3715530537769 79.99918130319107
91.3288386877579 30.315231239042497
