106
71.97850137991628 56.06873923527347
8.282336709617722 11.71754867772995
61.00566686400484 23.5953189675965
95.82650124544429 4.531163171334008
8.408812073968363 22.520241449563528
39.70867550219681 29.550662794280836
49.22628857056392 23.730990993871348
92.42888472026536 7.61035613497053
79.14105192992938 34.961543209856885
5.50861662537735 68.83613472042036
65.55260332278675 99.68053766662916
63.56520705711537 70.60347411286212
28.443102508289442 1.3670101135070611
74.50288869519731 34.79850986458257
86.4339050739887 66.24623042778559
33.583457525296225 61.943134703525836
22.573775907132987 19.15553649744407
14.324979150699036 34.79326069805199
36.641886417175215 90.54503707295751
65.45964871851878 50.757438634950816
27.40544387048662 55.56375202236319
88.0551354219778 39.904803519233745
86.51682032214222 57.97873867687987
0.39617750913854 15.546008801028787
89.78835536110499 37.15606017783166
48.022451256643684 31.287458521844837
37.41217778141666 59.59121905821625
89.83858377011626 16.116183081634972
35.0781710115906 68.52297375258513
90.39011441951021 88.35618078949445
74.26840839354605 80.55194827082876
94.1612388940024 23.578369275879385
7.61142055112205 49.7342124544351
26.885792711395762 52.51145487622592
81.25128946854251 91.60973337599975
14.434822247255585 80.05940967148824
40.9489255987037 37.72274168180032
15.442235553676674 50.583017514119256
14.039768625473181 49.960799142977386
93.23541537167632 60.43086429866409
32.716300245590205 47.2209315428079
84.54800209922088 86.11376110893286
38.19588053892349 90.05355510196704
32.725007375516334 11.693114987314768
30.599892904854066 97.66717519968864
53.441258879528675 13.099558586765303
12.453484681266858 43.698090296970385
22.416932631510168 40.4749969874724
80.4138419857118 20.08693545908574
28.926476959975655 86.39658177353024
59.2939891833687 9.821783791678673
25.017184340385313 5.223289519268226
74.04038867472806 58.72815401940007
64.82149246423305 7.547487251567631
34.526890650717675 37.805827730988675
61.55905061619369 24.769873547225153
85.97370371781906 42.0873005082199
27.782397861086494 35.17904191800364
24.30546055578253 18.582102821610448
61.76005196875719 91.51213571001921
59.71348430540514 93.63244070625683
80.86776778941662 41.24931746639546
79.91482466463965 8.253443074545675
89.25531475939577 93.67101029717332
15.073307642666556 27.552710740777144
68.39691015154315 37.98147381568501
38.8803376756376 27.52485982220414
67.14905821727348 34.02956673079797
20.824803868567486 92.83057149881263
80.24843270397466 18.108138569413036
36.8202481696143 21.731351445470125
56.71494029235985 14.791314125199994
10.94321250204131 53.07504420974845
59.06536003748777 21.141245542856424
81.74557222744389 88.04170580406769
50.742233221165414 13.854576769569139
97.81382125602916 37.71799413956801
20.9118183232863 97.61655850304666
72.00555538172664 86.29898765466305
36.40440397071782 98.85248448206137
34.56159690804241 45.28564935612428
85.66331449099181 35.210855926033716
99.20453450243222 87.74301238594859
46.98465949446761 19.30560970509141
14.858489203818092 36.758288875176035
2.0725542328527524 52.74002572404021
39.537732101869615 15.311508525113327
43.07905524734922 94.0678387826096
12.286499617778668 91.15517691453874
80.91482460631124 89.61992785714091
27.398257234329904 16.710854009696675
93.85156130052702 2.127776495291489
12.768260042047153 19.989761434989795
69.30107199795408 32.41865260423786
71.14907899815188 26.578674881949592
99.71986894016067 26.941900503691084
1.9175685681392163 78.10845633633735
94.45191230455237 51.543318458551035
58.33744021705809 20.324023129465797
7.808352072229264 7.177403289774775
93.96455983753643 55.464799218235825
14.822365616850453 16.559616083950523
21.711559335426657 19.090790473579933
32.03930284944572 50.847071821746766
77.58378945496254 8.266959145767927
54.05194512185185 24.653229514053432
