161
35.587351085147745 32.11934901151577
19.04940647002844 49.982961729025334
56.507337764605346 59.329424152844304
41.23607394008096 95.9148792852666
54.174839129587404 99.53454310902002
41.197013258761885 52.37979748308024
83.07488548588032 97.69738835120573
20.911917540136095 95.33356025072425
50.24862970219408 27.780891071292157
84.06187950946097 27.360823890423557
41.00710872118033 9.79854433528966
84.7537698983278 36.41119443357776
27.10336130248202 56.52953228444384
23.164307349352153 44.47912870567211
95.53833349812754 88.2925749092081
18.973057440665375 34.682592954617675
55.8459450074119 6.41307661110877
19.747594568719716 55.12778471348386
88.8290382468992 79.86143029130605
80.72918300670231 70.83007013038444
77.52274355668847 46.15555030641099
64.68126702414403 2.620931147973238
64.70586971019385 21.952997824351094
82.75453880319851 23.711232945684767
79.03176094323486 18.246611188905547
88.84465088918833 9.625980865390115
29.368178999809714 72.88569499717498
35.31864385190462 78.94476364730932
62.750110351617124 90.15748642130919
20.70636422809914 35.69570159323524
86.59420355380705 59.78590562222635
94.67401780660289 69.33053425440546
6.37709568888416 99.20965130468805
78.20971872846403 78.2010532382026
18.843382155509016 53.86546651714592
99.27547771105812 37.15976973720082
16.951994758296106 42.66975153103015
50.06127994580831 52.49044470815464
43.70997449932914 12.21581984761444
4.106362433751842 28.351673107472884
89.62767624637242 16.61401318302196
10.826119800492684 42.973075434307425
37.893341672751546 93.10244405482702
46.23775488198022 42.96319910009835
3.368598475161566 16.982623347550796
26.828664049118345 84.4619280484205
92.13160280492896 77.12191717507099
26.483445079763847 76.70515515198747
98.26974745052067 30.637124507054402
14.831835645239488 60.89733447789204
47.88593746250901 93.2092668803813
73.11229952857678 41.15068515516167
29.745722077725745 34.988752636826234
31.84160497711336 60.17065946948274
87.38402236838424 93.74296742595291
19.05981283759639 24.456697102496396
99.49698062148525 7.5798663046111825
16.99495465706986 95.58501013594443
43.157574052713066 36.363175666378964
57.24073881792526 96.24908179810686
19.725039045537972 17.221541983631926
66.02834767784184 19.98813958254927
33.53502753921652 22.71518850637535
83.13456840555048 13.411304559349912
99.32918722253066 11.008510498474777
31.96753228729309 53.462200939273295
67.41715276904044 42.167368307169895
71.80229059295496 82.72499807970736
63.848715776971666 75.38596848874565
82.87236955075421 41.912938996846435
18.87905287464571 76.00909073464611
43.04401373123816 32.61013018357619
90.83045334330274 37.73214443095097
97.51185911782699 8.503105432433578
3.195178648716124 0.0664844001713849
59.16055925755946 15.150176748817001
80.99197729587522 11.741989969843825
0.5404619046959103 88.9302769267438
71.13861572490642 54.18931090051539
17.90235284448387 16.975518169701054
69.36156030910323 76.22111821033397
22.25115820975163 82.49730202299615
6.823157136227131 41.84609364444201
79.81594781909963 23.59316210496073
76.71639917675449 87.07997818875312
32.03687063011752 35.557130065532306
66.97984691402803 16.738351286269783
11.713458218181149 88.65984994141985
78.21187885508708 80.88948266681336
28.680155965165778 82.28691574180108
67.23563975285484 9.788283681532517
62.42067058877618 63.000767455661865
8.59882232830358 83.96414570504477
23.91887922906516 1.2074001138466905
12.46598764346597 78.98280237324991
49.88432062051691 76.88093494292062
84.09821117326612 60.83749579848031
74.14452742090091 17.615101734044515
12.790937046039819 47.629102602738705
71.5006833332027 51.628095094239534
14.176705327871675 30.96256152771334
63.53611528228286 23.160292995546193
15.835151391744418 22.961914341241407
56.21228368510095 79.22006974376042
7.610108660695758 79.48250021024276
26.931919569660934 83.35350990017383
55.317236937275304 78.16971814308152
24.47419963625319 18.621347985310855
30.053050087593647 84.84924503279746
96.91127893809532 30.24585176379183
11.977934106788158 81.554933824525
53.87845898087909 16.640611085129443
3.507037873175578 56.67264389734215
90.84944834153106 31.597353636839554
51.57013881890949 49.24824484707442
77.42256008425204 61.35769939161033
33.34700362339974 25.142328215978427
90.8109121173804 18.339248579606625
94.62637047574461 55.37393083179592
54.826848985608066 56.15236759439086
42.953811903762876 53.68969162699633
91.77536886232475 23.549069695138147
8.379051997948995 73.07667348084823
15.969333339451419 34.09227269009618
29.493414941482943 39.83695173230322
80.05832333174347 13.780049881138833
4.00092571942523 36.71265533579137
47.85570811809614 67.27393455617138
91.7886831164 37.67688868550633
24.607090137777156 87.35255910433756
0.34471339919843746 32.2168967883934
36.8911489092267 69.390831368465
80.42051795754438 30.365752544651116
10.002988473034879 46.98223628717351
90.24826721216587 1.3108315770674506
54.15566288938889 81.89215334151541
56.24809935874565 93.79193004094411
93.33723837462917 32.60843739733954
81.3067750585096 4.5390718529221825
7.413477074550146 89.75510090161679
4.468541612348953 83.88068969800791
10.976600418072014 11.831849304087271
14.733003621037977 5.0925230897684965
48.02606122853321 27.159895817063926
26.656489443439103 36.805508244811506
15.386127610890565 48.372741885721595
18.673141325454658 51.08702044558904
66.71672229480674 62.22753948311126
44.07037189639054 22.397812677566243
43.54215995447284 10.807956610371805
0.10584230606801581 22.951711969070764
33.00272792048355 77.73886498117164
42.086279425219544 65.08371556140307
8.616866729263961 99.1546988386638
73.00669941964199 66.61321704530882
38.935889936024836 84.79874498349447
97.05492881701969 85.12816104181195
61.04347472770731 3.9764394455151786
43.44308855182186 38.056415188089844
45.949082638770854 43.16160517766865
69.36065883635341 65.21374477903744
