196
37.74191108030615 49.435096004755785
84.29324235661981 33.33070609878327
39.20552624024667 41.389067811597116
82.51353385951009 71.88305667819326
63.45787704762406 48.283749852545675
4.769948446415384 39.347429248638576
73.7702380144656 1.3620796558713733
83.42870152206581 33.88033061741179
8.81728632607308 98.63283843881683
3.1126382621683213 94.21526130437984
14.115779271405026 70.79325837786008
56.3341166721594 45.514158408820784
40.62555430954073 50.815390539419234
5.861032085946649 84.92811697833454
31.552734579261443 54.420275608364456
34.279409121286086 3.0899678136117825
86.54259311479548 23.962853875796995
16.015601572803128 38.473833429181525
65.86185792198496 38.28111719257179
23.33468025044425 78.80209585814384
16.238031589165026 46.19449347236139
10.952684273501134 0.4954507678162634
88.2795627661579 12.537779197050824
14.938221740617896 19.7895015303994
10.22936672019572 84.01254890604405
34.79600911971434 69.49819401044785
64.80767505440245 57.551432721520754
1.3445585657654635 38.32437839341398
14.020703652741695 83.40587442130534
66.17065501873181 63.67288998319774
24.097059587826543 81.98206598413333
41.77804081070797 30.56707686705309
24.74203950237489 54.48353756071007
38.47500741671919 25.00097935579495
29.368674307425223 88.88898094382698
23.895828189914415 14.637541972114686
53.21820684214698 14.851501435830006
94.13523129638418 58.472634223966544
27.21283047422617 5.2319971770680045
52.5701840271452 34.75449781312717
13.933005668652887 71.4352592213922
50.04008625122921 12.747070500026025
52.188611332525014 88.76351486329614
30.398250756754607 2.535807120581235
36.55020378146558 50.45365730812544
41.35357602494053 56.071085774968296
61.165419950979825 92.89780755199065
46.20618751193864 26.404332285627387
31.972188805626722 68.12980749417473
53.12203904814544 43.273666558579116
67.11119180095044 43.73542677739164
36.05984558147526 0.37230234371994353
48.782928246489675 76.47371612209488
39.519168586437935 49.96667815918858
38.60421276930078 38.02598571869489
95.7538783727081 44.62095137028849
68.35952148326611 34.461440120477945
23.275230338218833 6.289060932691504
97.56936921947808 92.37334181531895
76.95631330664008 27.172372665756374
49.97520270235515 87.11664159590728
40.61332435356487 4.12857730774272
43.72620121503179 22.705622962976047
36.53123913871127 37.5957973349531
64.06779836826401 35.33253897186401
44.90518429522673 77.43970051369128
87.92522346246552 18.55875578789721
7.661506186086364 62.88237933254256
88.27451778952059 8.455814239471271
60.890491201116184 2.2240482455405775
50.67301605622381 85.85278945990288
71.55292610159107 79.88924611159246
64.81841560301135 10.762767919414596
13.084184906642161 52.23523842707129
90.33200505265981 0.05206196983695843
30.129157011088914 48.96100356634411
5.328544955286252 41.59936537254894
98.76027333105102 41.281827284342256
77.94264092706536 30.818630668413004
32.84906663311418 23.863586475573072
29.960704448230846 49.43013386649764
66.8334420320651 89.73432265428764
40.227517540162715 85.02344021946334
55.35038715945918 53.39745067139917
61.84983996205491 63.215573382755075
85.77381179382834 47.068893508819286
22.226905546201404 33.867992880492594
38.355918792300045 56.4169319703087
12.378453965671977 35.70130025130732
29.874133814061732 63.278721899038146
48.84983589312244 10.40695488865454
14.33405784464501 87.05036143633585
73.90485439785283 32.23682497984293
76.10933890500482 68.22969606432194
77.64354001395104 81.57155954216265
25.435189659225344 87.77186178140244
51.699545321891584 88.95424500386294
37.407249051184166 24.32664404432555
67.89998314652715 49.30363685988824
26.09331856251641 32.938527313886446
53.14353224304927 41.26131332493771
71.01431614238778 5.959049620780432
55.291699451826595 40.398291793900285
55.21926263263885 88.58563962001395
57.37312596792879 34.069644226129526
76.67311920377864 56.19855661447466
80.7896010629369 24.24281590478753
86.2783952352009 66.29898297598113
90.36324854107409 75.13478310743825
90.44347870716362 91.61571935161616
90.50474977120177 85.39481670946772
38.61870088833271 51.233829166731894
1.2159442145476373 8.136560185758468
42.70352523102427 38.23783065139303
97.83284288906493 90.66265901368581
31.459514088590034 92.8049258778912
7.922302543409943 70.25987686063033
6.038362844205924 48.28594112295107
9.052734581506028 46.66536946260004
60.578414490614506 47.77748568115558
93.00683761034142 76.45694682042848
72.239786415575 28.608266533539584
28.320871426737682 98.83498235407167
62.944528310306104 44.77875138206514
7.450340417863599 91.7941594032497
36.18586547264544 10.017689528247208
6.342196158248559 82.4062546440462
43.43246139487367 70.41436433503686
75.52552041190948 36.43946394597288
31.16247390011403 66.58914734426575
0.1513112431745567 5.055869389816515
18.023765012511983 2.3548920694551057
97.41116754967808 76.32530319322531
22.37634009108753 16.782250255605437
23.6681689215943 45.13483636197737
17.49063143333258 77.05059243287273
6.384706915921889 88.63130658297771
98.13961815478636 74.91643904334693
11.398108480633972 3.949119910727894
23.88345158691225 69.28664333429836
46.45125531048374 70.53192233291087
61.31674982226794 88.38013936450918
12.505579351919616 80.69532910318654
91.77513223232238 66.0689659226091
28.570083632259003 90.43182986394406
75.07656028325329 57.87619884920092
66.34825193621708 22.1502138106503
39.11343202986007 98.79144467532646
12.937104503195284 20.38908942735098
7.69416592028519 33.60433357167635
37.33044176405188 38.32493499408638
25.06446368648847 10.89712652972854
9.649399129023607 49.75535548748158
57.433702277218046 89.12849146089022
8.885248730681516 41.61456476927475
40.27868422301292 49.693488539271655
58.47296199972549 90.07411036390319
15.955403771699729 5.366127951813726
82.42198005476007 86.47815880712297
9.473266216223974 19.448273925797167
92.2983056462759 39.161080755849795
76.9639295243046 99.62366532383966
1.8123867535866367 53.4006525047098
26.069794372713982 46.51255954216394
53.83990837850918 95.55860372028003
89.01443619867516 51.367276208567134
40.489777668505134 38.0871688231167
74.2986642660323 57.631504635025635
79.10438966112171 31.473189040830885
0.6015051325815035 38.018221033267096
51.51996588854695 10.023266066915026
97.68070423780873 5.810368905271613
4.6320996308810365 80.52119559970599
64.89787285320703 65.48904619251125
63.85206209498379 8.398401065245908
44.5774077371303 67.92527818858993
56.71320155635561 97.97441210299746
12.256099446033042 81.80981399144054
69.33826375407143 28.527039272426848
19.85405378722205 74.83600155119639
37.13533071772045 40.11722999447262
17.569050706743226 26.807653995625337
95.99159617377637 25.801559913547845
78.69228565685366 85.63318587296384
30.519998160339913 23.744146933860822
68.47205561509459 1.5608193505008305
9.335941661914603 20.80560008125737
18.097718813353637 3.1126903970128184
69.85137428694611 92.36609063559258
53.59984832550546 36.29747742024525
93.99417494643477 76.57577894559098
52.105769657241794 10.585846812244748
16.96186860866683 85.54644580208246
9.565246480956214 73.48672902773951
8.831272290463254 37.49354916902593
20.647990425958906 87.09596093397943
