102
52.426108341972835 17.54710289306788
11.385808537613663 43.16303112489789
95.79084327404875 73.49388098295543
33.399288647770334 63.42060286222414
98.67476681235743 19.155156417025154
60.162336990990184 57.12528051444154
93.88089083841935 26.048478212794524
89.92082238058393 5.554010342965531
7.952837737919783 99.71672847895145
76.59534674129603 39.27055461050689
76.80475916526784 12.7387745718751
99.65493597089836 5.091498306723619
84.37572551977752 3.980617438353562
57.12345342378383 74.51761596501393
79.05038654201616 59.57681330332354
21.29410009740368 39.42237435755816
46.45045092881196 59.535020619844325
69.98184018446392 93.37743385700485
93.11725181084508 24.33091619890819
10.39743671002138 59.16197504795044
26.349777990986233 50.6791962587366
24.384579356118728 97.62335830748603
41.09893569132876 64.52688173382006
21.86550294704276 70.65369276884627
8.965209415240082 9.45358678268441
47.98909357914154 73.43668585395669
89.25441281468693 20.894727421794755
22.395042596101057 71.88709312659712
33.813466948390506 52.65419689179718
84.52936690676763 74.56261616031986
73.08128356038213 65.54411939363605
39.35758264217534 59.32940475138444
66.07914975033387 95.981453222755
76.43228319042463 9.621028412477639
70.01174673437151 45.95610395319356
69.55534330749077 16.70003277688804
71.10091528705642 8.925196321124185
90.31277511558491 6.797948654852437
33.01297585707494 78.18618470536633
57.321239126145485 71.98296007352567
89.14905206761622 87.25557319558641
3.6606393852832486 25.64673546934264
88.3264119116099 15.995458579637656
38.71653907857724 23.081115686928232
13.366215809503245 50.13009720479684
87.19768868876656 74.03136311636904
39.40796996437172 28.867615421278657
79.97573203902019 43.52789505001651
55.597212170573485 3.8210083210287737
85.122160042354 44.468328812954326
88.04579069362633 98.16136362554982
58.568570082563966 63.110243092013974
84.33411774179035 33.61188959622423
25.313839898047654 96.71440812403263
29.2819642278096 32.97615265236013
68.6565354518672 78.65014225416236
98.40737851657077 52.67910595345329
14.992932228933775 58.436218474920466
84.35549793729324 59.80617487802464
98.305014421432 61.330808683673396
25.475390633532857 13.478935391409442
54.20090900202994 93.96844888425548
88.13448145405545 56.60571525324678
6.563501324888932 20.59594176307966
89.47595892886828 0.30767740253113685
95.46065129052704 69.36017411156541
72.02204904690873 56.414513874938635
70.65702770258339 82.42554991926382
99.45719609159862 40.4384187390703
16.58188667082555 34.20443074513495
55.72855283343252 15.26009087916127
33.657921233486896 32.43092865287927
46.385322265282866 87.83589707723432
85.77702696611243 20.400647895967527
84.53716337982536 5.536036908332543
58.433687474250775 40.616138724461884
47.83357247164448 69.68227865007538
19.270695428622673 86.3557278060072
30.76290302347112 64.35293092113515
65.59233895745339 36.51454572849738
42.95281461953107 4.819878735536598
70.79950711438666 64.41299203009802
18.804848539384544 54.00316423075553
9.196532486607744 84.80571531070848
41.84469903513458 83.67990667511063
3.9437556641755633 65.7536929231759
48.83574582025025 33.02841198625273
56.73432175992919 84.81129792728663
51.39166173368085 91.13803404019774
57.26458385586065 9.185310326856378
30.65742428531205 14.096494275686
46.778832585536556 22.516679476614055
15.418691496703097 30.825387920982884
89.69479223292319 98.32500031945519
76.62455480038555 61.80588299837453
12.479541956822715 92.14666409693926
26.750539352472625 36.81092444524863
17.426481238489377 55.58163315586302
73.78560404425612 3.822472680051614
43.83401803213304 7.982994717812019
67.36296769480776 11.752032473000817
17.972167269531482 69.03822640686967
