142
35.77621057726341 76.97768093478994
85.58071267088357 33.850382314025765
30.759709656187827 77.30425674363022
86.79701889580662 18.707232740658498
73.4289242649137 62.9244314347134
53.04138729379785 35.022310141062505
53.88567170797614 38.42077508874636
6.847501997937055 88.5458557858377
73.30268877297256 80.02757549409414
85.32159927281812 65.75479700863141
26.961656670565393 11.021466003681068
12.524036194848808 36.97541961272687
81.76234662359111 29.688234611311536
35.59007413565235 63.84004817308727
59.24445657618346 56.293486985339925
84.57453467671877 93.42902843613093
30.12357111548962 48.594092224800946
93.89980281981757 6.193462706417641
98.7498784609206 40.8359094781917
30.913152268432743 71.8835162391637
84.65768073053552 37.21004599226836
58.7297160119497 50.65712626104558
39.26402476878912 80.79093151351422
70.65733330137053 69.93649006236598
13.167615595518678 51.00329517218747
51.510151699302575 27.603724028633327
21.82650323633043 63.81649602240245
61.59047821326953 67.35646073264782
45.79716694723383 3.931614457846444
84.05019633289895 92.50988866009259
32.00653750731751 76.35653947390077
0.3549753484589191 80.51161472230875
13.840718079521253 28.31931258047963
80.156778851538 68.95283420531374
22.82954252735454 71.47998670313042
55.94143443804816 91.23960657600145
93.28848275800587 30.043555078563976
12.26693899360136 60.68404364556733
43.018503369969764 58.0675840143258
52.306155075017855 29.558189817210277
71.93889007899081 69.11263518676812
82.97216118440322 16.74577526485823
45.426180651940776 94.45173358337804
26.092104128195626 48.722534521537554
66.99669046048218 78.74009680020593
14.01293087982679 41.916710037267755
33.857348818430545 82.80789315873683
20.564893458025637 19.902885229403267
82.05095213607902 81.57229415472487
99.40483519189696 44.015433254125135
43.887061018920704 79.39551143861704
40.346445503972674 32.329515118294175
40.22502171933887 10.175326467943025
45.497319655515646 49.31397922911578
9.108699468015002 4.598815506322673
28.21139104584056 55.35646758109801
78.88133452398192 8.571607406455605
54.39056643622823 0.575934928695998
90.88279822301534 94.54437871903023
54.43744422386707 40.05547116253523
77.03095181757438 92.4303323534934
25.752473385411466 9.30844646068042
83.18842774002059 71.06192802017708
23.6233779516278 8.480250170731585
19.291678486381226 51.71260406179749
3.3563262833304575 4.644010284423117
60.70539564371664 59.730922206435366
29.153703032659685 19.711322820017262
96.56466760649289 10.154981339003577
40.29718685282555 15.343507371754605
65.15836958547845 8.481564805197506
34.58538477925561 95.24966440189951
26.65909421965059 5.393671736552186
64.41601334491935 42.26746263497192
66.90317577275172 98.79185821734879
23.663073329369478 35.810424693423585
82.28791933342097 97.0110671357762
56.12343371244523 87.0294696348021
70.86390439359657 5.509458946319912
35.507542363585046 57.2793078360117
38.85736413716854 47.1077453460291
80.92125325001084 85.36748349199158
73.5818517751637 96.49901500323709
79.44038512016289 14.704914858631113
5.36482505708018 15.017452880255789
42.82189946633434 69.14432617891244
17.354221371311763 35.98673416822462
58.400039384550276 38.17377540233474
95.3921565510512 99.70575218763497
64.34183378152521 97.12596088233315
24.248195006099905 71.32078632013898
60.55264483686551 31.800523237846644
13.4920238107478 10.28408186902655
9.330202568356327 6.473450406031434
34.018376544266594 87.28863076588638
12.284515140673246 79.91413155575128
22.536613540184803 20.00459930014975
31.237173000051442 19.10533263541031
68.36212584500147 87.55259983612953
47.19261608525884 83.70217102232336
7.3021935518106655 90.87904153034101
23.917807760499834 95.83830708098627
73.231341584314 85.2878512416554
50.63478553184628 28.289132836646115
90.99550775192758 29.711729929547793
64.87369072292384 74.60142481988666
93.19953096013352 48.625559124958116
49.40658721172787 2.2684412577328894
36.19234769485291 46.8937874792018
77.90558708967251 97.48904820165309
98.02528858777436 8.950591155963927
82.23279738025325 96.17506183451172
81.69359187383048 78.90132605862492
62.46646261061832 32.24437374753657
22.63557583876149 1.691383581404604
6.228628246381107 64.84147500298354
88.78438070439634 51.05747667501793
16.57926637102134 49.180025082397115
0.7146332785926246 21.04446431842608
67.65771886867451 52.74236301285199
43.55189335162773 44.033099847876635
94.10751236996322 1.038798317463352
51.62896128696123 80.64908322772988
56.54830459520338 22.22805317125729
51.685599432736176 4.461845889011496
93.16224343719033 64.88189859369416
8.753141558730636 11.989604315456436
94.26405081044635 25.588035359178217
9.831504284660541 30.37988225432825
32.12578783415747 0.16978728423152623
35.06268503226995 15.528613169643235
39.12483576584032 65.23497363137452
80.67735617581494 37.19319348267112
7.079967639742368 84.34896199810298
53.009399164307084 22.53954570993316
71.87082778305744 39.21033215787205
95.23917406357631 60.65377490630485
33.381965723194774 58.30188529982488
70.32699618688079 41.60992850572863
60.64832438850844 57.92234410906831
14.201912051807541 47.345646426656465
41.24654713122261 77.07647217851643
