139
90.73056147762283 17.525471106472846
71.62672565175735 39.72600551789759
41.71690837217659 52.833916785592564
88.92056227437064 64.31092835423227
17.082864713857305 65.30672618103043
91.3441762236597 10.79859333344727
19.86621998075504 68.47527016710825
89.09054957235921 3.8416958075736307
41.128483754727654 75.95644264992171
96.3605980390442 55.17925979856177
9.163453016068434 52.33450143210799
12.457913931283105 79.64028870886078
91.25854623354812 55.68458091087031
79.97080005394956 78.30342244757847
74.87195328555818 72.46144429094036
35.92492191650679 75.37312157025127
44.40137488681329 64.39659484781264
60.76760669450834 22.124759291749474
14.352553099490029 84.15247825391691
32.69761453733878 95.90208593828488
58.33587723720341 97.59884006527697
62.447833574749936 89.67184729846267
13.548147304581114 79.30809246265156
37.96392855822886 83.46175422946229
75.6346887677334 84.49276011229071
39.81514702599854 80.7380149900729
53.22617767269565 37.770493334731405
60.95331709047769 21.9819551944071
85.80251748476081 56.66678377228891
46.94209916409927 10.977954511242471
38.323057777434954 20.73861677019131
82.02283693961569 16.409516056692873
87.52297794347304 39.51568689645703
4.282221853831391 64.19878682627076
18.06214620815505 76.9219742937058
57.17618612496632 74.28920383411024
58.25362598055581 46.45064639041133
25.730538523368185 57.5158831078705
70.42370233008317 90.07977759777927
22.545796375695005 37.0275208443645
78.7084144841135 31.652092346339668
41.03832842848283 33.441632432510836
84.63474540573053 51.66550995804292
10.444965539739915 11.535505482296415
1.5644815428556003 2.520696139841505
77.46790895705695 70.85980197161983
12.932148648890518 47.119727853667904
90.98644884478476 44.50475547636782
84.43282215888387 25.841303951394778
24.179332195543136 11.408772014541702
36.68547747915504 81.56951813125714
68.57227112082164 83.59824071793942
7.961031895612658 7.954411080359469
7.385421374898426 16.695244435771006
79.90875883446193 14.108664002761861
0.6432336011330975 8.52552595185163
41.02025698488148 8.526605923063224
41.6113105597968 54.88376244131541
35.54860340576078 88.03398652600733
51.060648219194285 76.16278159053573
44.67126205009837 21.794563309509087
4.625966227013345 57.76348583433857
46.59512486770413 63.18940013532646
91.61534784351619 81.92728510023166
95.89786353212338 36.152422393998485
90.61455819349314 58.03400703594559
55.112036162615965 82.04665407019209
75.05472589056342 60.25339766079545
4.676083365027994 75.67256635021694
69.34398142862523 79.45826072707968
97.08017443063595 75.78254354674138
28.28574515235176 40.4750200455293
1.0924395153155353 20.353974816437827
10.50105144955057 20.142806400350654
44.417776442651245 66.93578129937893
82.25644715428686 99.29562856085816
50.113956504959155 86.6139089759291
50.39216594470894 74.15928238655948
79.12137485177414 59.44097951410372
40.34001128353187 36.751327591194446
71.91161244114647 38.37990125136032
15.074378801427656 90.32118368127713
39.75552835931098 77.3538608210287
89.43323123883025 9.104133813872938
36.45914631977003 56.716880757461176
7.850867660833439 69.44423981346247
86.0165776376169 82.96297544540224
12.423543807270088 68.1382147812727
3.746119879872045 53.3712964649952
51.60662509232351 48.10977000656877
12.727979460509065 19.63628950439317
12.798174215425773 70.28697275794774
20.677661297033502 68.42811603591615
19.463951988323025 8.177468500457097
98.30268002551429 61.12207965141675
6.6944231255799185 83.13770921746185
82.55758715560064 81.3202671587426
18.145848693737232 47.072374785474025
73.83940359606139 2.1941113502310428
73.64833899336651 54.50015048409054
73.18427943375096 21.91947681757471
17.046823659332954 85.5579518476512
67.21823463503978 56.85170451129225
24.947138548680904 0.5758966749553784
71.54243626596275 0.3505564802430361
37.79915927062698 74.87455787237712
98.56492476348352 29.881235668086692
47.66078062047252 36.356540982510744
44.07456807328525 84.70508143023841
80.15987830720587 90.32112454529403
24.21231718275805 83.57335968770722
73.03930413145014 0.335969839510486
55.40926384791215 72.39959838459058
66.44084374038263 86.99472914584896
62.47363189508369 16.999474935366663
97.23636683170544 9.203216841844053
23.567666302450874 29.534224671927646
73.50406649638927 55.35565240133462
72.62347420589715 63.78957809755871
60.46377119028343 91.32754614523816
58.25742639345359 90.89893234668557
56.973068441110584 64.55215643002228
99.41859619319975 15.725039739089564
79.96471262800712 41.36356111323243
92.53206598116658 84.33002890891858
28.626692256464914 86.12067659802786
78.39361850467793 20.09594995435403
85.94003388309532 73.33133773169482
77.57734337634756 71.62473978999182
57.27677796174756 80.14388681884334
0.47117265084126725 79.15842725870955
22.620997757637383 47.211998845011664
36.31337791001671 19.33785147152295
79.2036947646314 94.90972161353147
24.798382293112475 48.3434618830304
36.81422175063184 87.77910135667679
39.39676828881085 30.894234008836197
97.45934027844302 42.258783433017754
82.12054058707503 9.35999797204854
