197
41.23167089379012 21.822524061883286
41.11927546485171 10.06423297561766
26.649704899558536 26.590636440493366
58.17038082041749 90.81104564665236
62.92197600411382 33.9236217744787
28.074463468747325 36.975566018633046
94.53799655685464 1.783419789036167
83.6109414185219 97.6056578593514
54.70765873514269 97.7537759361502
74.90002056125962 10.740016535338748
61.97580288503583 32.84004606309142
41.87471656907643 49.89001357394297
14.323249289435825 99.84133307873478
50.60432167441192 40.76277943676161
8.751071426526359 45.49372473677137
88.77310694748117 33.510155161225065
59.47755677051718 19.80179412067131
30.159984345360634 65.29061160047632
63.189535744873204 11.207996089520467
65.63505815849217 17.497394947881016
34.24013565987766 50.17990506633362
22.773667651320416 96.61570649923338
49.67800636339882 78.28616563081225
98.62813973410329 46.55540904062847
13.080926749937705 0.3036352303099177
6.07716121231573 75.94151555285703
48.47199988113429 4.219393708985386
8.54353720478076 31.763573946303257
17.901760300182644 63.00307246056077
35.94059937375356 75.76002876689957
88.28402651240829 79.18823858289238
56.187181147594664 51.86160302499041
93.51763938065316 66.66337357862245
5.593485080050686 97.1927656122783
56.03639170748394 2.3593777472962096
27.73738391943741 39.90245253843341
93.13117261410336 17.846652210518123
26.673056902721648 1.4969450939481987
97.48409167340503 93.3445462974866
98.43234020666094 98.50445032166625
59.46570763508804 73.91591639671964
80.4802834899962 48.44883527523558
8.3758631438829 56.57195191786629
17.782137360446505 93.27440608978755
31.752754872747346 71.6291423431284
76.51391109634275 67.24157978075131
20.850914640181106 4.314162757290363
4.638329403306374 21.28982930982697
20.52646604418823 31.085934643774195
16.331270541483466 44.19771275050296
12.70163170950973 67.47383985627086
95.47106675463762 44.40657983469893
48.33043912564903 66.22344366474518
45.306746020149404 69.08106169111308
45.54354318621455 8.004246168124729
53.84764935738621 38.860709339743
94.50655019295745 26.34502928032516
76.0612432164079 96.57080140432134
48.578229600863224 42.8829778532487
44.51042551711267 90.6383103027014
35.060846512646904 59.68763570287528
6.916115264018218 67.18624380897438
96.16893905204746 6.403945748375605
99.84573807267121 69.73273696882208
66.14123082469015 45.1097381696027
7.960705330062979 45.734584248800644
93.99858148851476 90.31558855412463
44.47244294382785 93.9230491943012
22.30304184189388 83.42226212383007
0.4055092968090812 54.8335240350586
55.02008074866245 50.59941407901808
57.61953212696108 0.1255168964180542
80.46347629250778 86.96254208582059
4.206719846685802 74.54008989617512
59.805266990697234 78.05490477737123
69.86909982044199 34.97348071434189
63.853311056068016 59.92790065553114
70.96330300066136 35.894290563577556
60.99925626874075 69.9219690837807
52.27981595479289 85.19704634817302
85.12652426325621 25.06592052388227
48.64021171110006 88.28700892376045
19.802966378386678 53.66690630330891
19.288132839580452 61.89083680136657
70.61805303407398 42.64311876713893
21.49037776856002 4.1503345942214604
84.16474470142968 47.50232785589551
50.606853688082445 54.0329399914334
51.44984220359567 74.76090258494617
12.089566532427975 52.9459364240468
66.97944861795642 24.586005080821337
65.4606677167226 22.236098505788394
68.10299258788913 26.641285203664257
3.5839948169374414 60.767897433515714
66.34544972239266 71.76398693663553
7.330574847210136 32.70281512094038
13.841912943825063 57.478329667465985
60.008982821561204 12.623049453265555
41.557652804412704 92.78601182924473
69.32252204711206 9.20263849931976
93.98386483112284 62.227153455695394
93.88246721811535 48.96745223173847
2.495391182109241 61.55500739916715
88.40407792226365 40.333601251848116
35.092122098078384 54.40480560472531
64.89743738456924 69.33653876230039
4.440753822346267 46.11583151404427
96.73700756742451 16.384213450550213
98.52910251005012 4.04185888748928
46.59093179334707 38.63454563191867
52.551937463487555 25.470178569471457
91.96832693126741 25.242176472482125
50.06930796953429 12.016814737503555
19.901043277114706 88.3323915975659
21.823450531289023 43.772013327891365
87.11704581102684 59.85205092387196
5.563860178830504 18.305422210598778
39.51144283643969 56.59290726890552
92.31642060198105 89.6737599544899
71.58718150928004 27.372228501268413
45.312530301027834 66.84417947100835
88.51384826683261 17.22729124173499
38.72363003701766 82.54370407273925
66.43616923367249 26.948193715160773
95.37947244164395 48.58016108156754
79.68779739124317 85.85959208707679
15.135438597737227 13.441316173533002
34.6836684183309 87.12343273080421
84.53900862340723 34.45036817754431
20.27127897471548 43.273327528621294
80.33602141087921 79.44221894664494
6.899607190261737 23.321049545947513
70.40518321844573 42.52335364686593
21.353926546335334 68.46656488842753
79.18329838374005 60.13479737347498
99.23274293673391 81.901071595732
9.745688158203137 55.899535300613
98.6763797583989 1.8583205883610843
10.303981647011785 83.02409929827493
98.68664095947048 18.49542386459415
70.10966658277816 94.81333538937999
87.76647195494867 45.38776389776521
8.662352705743059 31.81229204498187
30.755569460988706 3.570183983051023
33.604927475653724 23.293071082904405
16.704341336528504 99.65163674037089
30.634036391567577 16.116411385506456
5.166923312027672 4.705152771556675
41.63052711209583 15.466818703287654
59.95557457062832 78.4311678071876
17.60315515526364 3.4335951611986992
75.31369800242499 12.42072967094664
86.8713466494061 55.08619544341449
67.05030117650418 90.44866627854596
64.94275813906395 8.182402395415988
44.12326007959892 39.50712158994285
32.03652228796665 10.55106915649844
10.822433975023904 55.447916176272436
17.967492874345815 4.468864777159521
41.03528296403606 36.373362286641886
60.566207985607825 23.442483223156074
86.35447447194349 88.35070740092844
7.105799213370167 8.659240646781319
48.70785060865926 0.24900282483781844
6.340738259158818 11.620089184322978
70.11501431151119 21.237414578770984
85.47663968693733 73.30873730608674
51.20906535576311 7.2791017192307965
7.257638472755934 85.65759514373723
99.34538964678478 67.14007637977583
51.17905993143456 74.5460374816903
64.47717624467793 23.64946583537978
15.727183979317417 9.182718768460685
70.83415648659707 97.55025980879441
11.30788708123599 90.33194417034322
84.29836224697705 89.6231374955789
86.76562039551243 69.27909505457338
64.12762605680075 37.256460662656735
24.510715116829218 7.918096125308638
62.10371155598964 75.02696291125704
13.85797896303087 13.64044524080147
65.82683013197979 1.7959161338490293
6.867712959960015 8.158981164542256
14.88865426783671 19.95803558708119
30.756882502232973 93.6348372424428
22.129259899442733 31.897627598044764
0.06785802531352747 13.438523129822745
61.69985650754363 86.87051309113748
16.60459838083138 0.8451752308526128
47.433173935577976 67.70987499949975
8.248735472760039 91.48419524234595
81.79702801342677 56.86822775498771
32.90178895913706 74.98882124077298
85.3541549003097 95.8272864299598
20.027122796778862 65.01778264576507
82.84116169215918 46.98229088216704
20.481843460714146 78.80918175149606
