20
26.42829983999534 84.48413049129073
9.422501981815978 45.866816252491205
29.024500657128737 74.07154636625194
28.654143768731966 32.851809210509074
68.0785045319724 80.536344430128
83.001379837019 55.664529759647216
50.08561625861594 51.42685925567538
24.92252416681047 33.96814507399344
15.365796143896537 99.23647569720377
93.39147492936442 10.716927219485683
65.83707520787021 48.158185307921144
38.651803564555344 17.864112651925556
89.21037427142345 97.33276509607145
96.34981684217686 0.8055628728277031
9.782350192427891 25.87857251313598
41.89754069618492 22.41319500774035
7.48506523026623 15.23538535953739
80.36077646427194 57.30975842364574
41.651705450128475 77.54508135258669
65.48165398623435 6.972515808659319
