184
55.940590117631054 52.1740151195772
19.245171224204537 94.99970757679736
26.679911447206152 92.04254499488715
63.301275574945215 85.27354091759811
5.59666858030734 10.023550693225868
98.03107118212631 14.642246279741478
36.26047246791152 48.49550026253667
73.48054004974084 79.82220243557964
43.09163691778623 8.126546646158307
51.14954556333795 16.153814785606414
4.747494409428377 6.692956418492169
11.202087800134597 64.41952171164348
42.19210898803127 3.570852629022103
51.943391427215836 51.311209901232424
17.608980951289798 23.730736507537564
41.10950652613934 67.20490902681212
41.2417321952726 19.61344866350665
51.426065587063086 1.4579136763447353
16.900894199111395 54.20924546463938
51.68922135182774 78.35015253747743
79.93825920789568 6.162326645672844
68.97548390825699 86.54704458313121
67.11574519533076 69.69771715034689
40.10023198907701 43.387474491742886
94.55304457582795 85.71771066729112
13.101232764447346 62.966442202885375
52.676439552628075 54.19324870330302
39.22959744803814 53.46234551952811
85.53192142459652 27.88917672922163
12.682944165081544 6.9207642190933
60.28373117570703 50.380262082127736
50.40784149793816 45.34833963725373
51.35766911096168 93.6325841335646
73.2741895033147 96.34293014159829
32.87793919239094 65.28091900819341
6.063979388871765 78.75132939968019
74.7798166424444 78.04569047001074
90.66567108660169 75.12025506217567
75.88050368457927 54.937393869895104
82.57425760800395 90.58308937249599
69.80836241087877 20.46860394810689
25.909757153541648 23.07349055485657
54.51232753284856 56.698847471032785
8.956985479296609 48.035295906242915
20.062680615724926 29.632236114243902
96.81119149738676 87.76943133292488
61.05290376532214 8.000932443234877
87.68836480152824 31.986901813191693
95.03543212994467 40.037262706715836
80.908785255741 90.06372669760808
40.30909407933512 14.9585890059599
83.11821299481498 29.132911266381754
66.05414255305593 95.70119845837344
75.07628787044706 90.79829833550306
7.674056411400021 6.408558315750867
25.70265155195578 95.88851016476612
86.95452596549114 59.89122269959283
97.26629592274979 74.00646852741248
12.656985458176596 79.0261517747753
26.92538030297148 33.89370817709539
98.08869297009635 58.18487424730695
34.77680671930755 94.24907025084977
52.850389840668996 78.50716315536471
10.771179867131607 29.52321739199075
37.29352225332404 99.08649348508867
42.24554112276104 18.28232463146353
36.04864137035854 98.10719616663678
88.56067539018039 24.69369770857388
38.90402498310843 73.40713168030989
34.14800079996988 63.93795727889076
87.32521016178082 18.152673007611185
99.77505936094448 17.66451532086655
42.75389724976682 5.8748697688047695
21.53818734416153 17.39765794435584
58.495539699442546 67.35196996752579
73.34973612652924 35.32909107152623
19.328875178617665 5.448621913538709
25.83498814130233 21.152138332941007
73.2226723586358 20.423317814409625
28.57235019826091 66.70778822919617
7.8695322744815055 89.1916359564536
39.672853161420676 47.60499080368873
34.06743302604968 73.86351523192924
24.26222272681855 74.18331457974729
1.220645029084333 57.22447208920626
73.07017021440988 71.81583976654527
80.46449045549339 91.08838266751908
20.045968710490502 54.9238855409396
11.278654413881917 98.32162757299018
85.29718957161207 21.15083793256398
56.708174398926005 34.797793584300074
24.113925084364595 11.133931277284969
8.983454899354681 91.2433359717312
91.16386399282587 65.5792579734895
78.91918785473851 57.78114177508925
23.790357631975102 30.2662099518211
19.72776928087432 37.17829785590834
85.56572552632383 25.949565898180914
68.99969948696604 51.414961084530795
72.07799633505076 94.00845894202308
91.81252434172497 47.07069271698231
37.28702074513266 14.248286679236244
27.406511829438053 26.269177253998333
14.496523829544984 75.58032685399652
98.59202854143567 87.22722326870071
84.3333048879467 80.18325769922248
78.80248162549113 1.724607115219945
70.49353861493958 72.558850192641
51.600417688133746 9.65216998187497
56.5891751620467 51.802155524001314
54.41656134727464 70.60399832402663
16.867490745291203 80.03124592739749
68.47778955864587 56.05193125259835
34.66442517695716 45.92918659823684
51.28574756579805 11.802803546409535
22.946492514204586 48.992184266251385
16.206637545951462 10.502388084651903
30.573648573918412 30.03369601831124
29.376145956020206 16.558802160252796
46.87366727351089 15.3260212304126
22.81948424228294 98.11248335009938
20.311923718827618 93.76445780763747
8.660300698836165 17.994364344332293
20.03923529606726 78.82961303348374
4.836020913722661 16.687412718763262
35.361608916047224 57.51452176619102
86.6254633074179 93.24529928915919
30.04558185521111 34.37018370623184
68.12524588267868 29.497912495936042
23.305791248933183 11.842443318896379
62.63958296206631 24.724662512198382
57.13738059862676 43.499441524166436
67.59854873601007 43.20887923016501
3.865259867429105 13.251428485194783
68.89813281025314 18.15771262611403
66.47133986208804 46.17424981727696
9.514241810904577 38.98829063377782
14.87825204968123 18.687312589269922
73.8255043007833 33.43370469175031
71.41814665270616 65.72117712267564
8.171250307286304 83.71771930894334
12.51328061360435 42.47344374812181
29.101832567024665 77.26513441075018
23.334745823444493 26.568744435330117
57.62739760265596 65.12286378461565
19.66529879102572 24.078194344761926
98.97109974432293 63.01559582837264
74.14994059286828 87.60874428733716
26.059062423824287 83.2809195134874
72.47236690536548 88.54076210782824
0.5676754403758699 76.26174243907704
5.493374907151205 98.08137771285652
50.71433304982773 56.10016585590719
91.17962641025625 88.42412417314539
68.92626485904685 14.65117520013649
89.98438790595078 65.0650068775652
94.0913920221638 74.69298045232784
33.175209290180575 40.581940777266254
72.43073645139884 96.17117440685689
77.42184367022558 5.439027549399656
9.508740253843461 59.82430731298488
46.85002771229587 37.26468647302617
44.68895231368904 95.60125029893568
14.734541146820202 81.6800081942359
72.37818027788784 67.21073253787662
10.367136910494501 59.17255521816429
82.52126494751704 14.614157166222675
35.613406666910066 9.473391000199538
34.35580751343894 45.55949155967285
2.6717260861757075 94.63023285743714
53.86234722981871 14.381017786952178
40.03160531219612 28.192811082996982
30.277773027211772 95.34728341355634
87.1638098318514 39.521215994952556
52.316933699566334 74.47289694059887
90.88799788611517 74.09105030586421
33.71166723218527 94.83788813576743
82.79581759567233 44.60464415593957
96.87742921858995 92.14071946306645
66.74963276284883 42.72314148802173
46.23881305951076 46.34759364117363
4.656256884740529 12.202000965109782
54.215281822023954 0.7468155973665569
49.89375943482529 99.83003678974158
