126
54.35311403645823 66.07281840910606
80.36942721574212 20.883878455927984
19.585116792524595 13.50395610064975
60.65581332110621 34.08420595771125
9.082964646895086 8.322271785098334
42.83365761467971 69.19583914543858
92.65511702090842 56.74979506581531
3.5890051933809675 75.08923619003214
16.06643595429478 59.065045566639306
84.71839944900368 13.06840682855035
43.86745290070721 51.43401070369792
43.352129749892335 50.599257993210756
18.303907750702976 46.50463426289561
15.717708700945787 88.39348549975382
28.55940869918093 3.864404531593113
88.2863343568092 54.23135758739092
96.45708758648685 93.7123090443942
93.54632714496805 27.709733754007658
35.84688652147759 70.33506167606419
78.04032671435665 86.9256892396695
82.14389662197169 17.01217998520668
51.838250560813314 19.732439887717913
81.81785006097424 21.164852258520717
24.469867836211566 19.595630245834272
26.250038495584725 11.78669282016388
85.94773185355062 10.727110764328717
81.28467796394412 2.3165324761329376
99.55953024918647 54.17247794366048
69.85472938982711 39.66914567296058
70.44776176972294 14.876095573647351
61.82235632010188 4.986065931369055
21.622426934228333 25.669160035347904
98.33963583228892 3.4733125632676165
12.579316893107595 52.82073122762283
66.44390217583805 75.83400751071338
39.73087270236226 69.62314067132323
67.46807363525036 78.984096756817
67.66994595958958 11.833747093101465
20.746028320040278 1.1606645679509198
50.71520026327557 85.61007438078816
90.57142437763127 99.27088522615122
71.56383523570241 55.406989695465484
38.944526743668185 40.22426294725558
11.426753378190302 35.924149165604845
95.06633827162997 88.52852918272266
11.201745774754402 46.5482190424004
27.76616955751615 28.894263585814695
53.62969892370199 49.97106392304278
82.23728557435392 2.4241461378599616
60.71515381369207 35.47935862550029
9.647417931043956 44.15463342603194
5.297638088225975 38.43578982232893
7.889286136020168 23.98574533818667
90.09834948908201 87.68170706982905
97.17838732667464 52.592822413694215
58.58279908449394 10.59887989532543
97.41961852805841 69.40297952067375
69.46548954703994 71.54534958568175
19.475666898439613 33.80093623040542
17.303729521964527 27.485506686260198
8.875713264959561 17.683776638838754
8.572469884069633 70.47415692969629
70.84872880156445 86.92703565076118
81.41452181239585 20.59817391279697
29.83022025480704 79.54380843603059
99.88900892276614 62.45569945598801
91.8553762173318 35.587220227271246
46.86078629703041 5.257534982679801
3.8834945496753037 75.48479250223187
3.8954107908838798 88.4603262593615
80.00799960932005 60.07706026283843
11.973204288116012 50.97544577480334
75.78835421777315 70.07994000347276
2.937904848452455 36.36419612675142
81.980594525526 2.82952271910456
23.88499712567875 62.18316923169884
74.56761716723915 54.02548033129499
76.4885711408811 97.93801411474765
50.92097950424639 31.285969936772663
25.472041996835205 55.70396010872465
74.8313043793475 78.60840582638252
23.191732067753744 11.179331045442565
28.78050524994249 21.742541461721686
74.71808457144554 28.319800381958572
5.573975429333378 24.456129344890897
50.88193917025053 21.241802174113012
32.295321694147404 68.0103313623739
25.492167762727867 54.11170529868555
5.709732409789858 91.46231697629264
40.57234268494828 72.06544263012879
0.45764641635288594 97.09139117693054
44.07124119131106 8.737794536485588
28.294882758458172 32.91546685751645
8.682665717893645 89.08207187569883
85.09222134792367 96.26460155919945
35.01524714120896 9.16315241880593
85.60250792917861 28.682433868653245
77.6477893269363 82.99339878738053
41.186881159479924 6.285145317200735
34.117311622695325 99.81476680683778
49.64415857903363 86.45994111353997
32.653198628484944 29.858604455985116
55.361324049666116 11.137568733198833
74.48891444852667 43.15338321778642
64.38476403321002 85.3145514463329
17.759977948316894 83.30047129188421
8.0697140001186 66.15528418971621
80.65684228620451 63.76345902517612
29.23231658767976 45.24282354885535
32.90522071101307 65.71381193606486
24.432152193111133 0.4274930161901169
2.4623676519429094 86.39585741583102
79.7362389974447 67.82235913783198
28.768954158290693 43.49913384361662
50.4226089064341 10.507108132424447
82.33897716642508 15.074129916849833
73.88280219062318 35.17377668534165
22.875841102507078 25.77095208563833
53.41641563304256 93.76362774410711
50.207054679359786 6.729588274664522
70.1351488140783 75.01041917229887
49.03106146199197 39.813568217793396
74.2097720305706 7.617394708233571
67.84143948683709 30.20849032662205
92.34487374445793 3.4332018298225297
31.67312846060485 48.72735118708549
