112
84.53479577437041 19.148357561319116
29.444846110557975 3.8542206005926727
7.891621669256099 33.786197217944725
29.142080910111556 2.836009553874763
32.86613184020239 7.408612252496782
48.6168301966015 26.987038724613154
78.65419948415187 44.69517641809312
67.0528352230346 25.021136609176708
98.20914400967453 91.16920087256833
14.39211882026613 88.82971638693039
19.099055540697474 74.47457884802817
29.53339546385987 83.17803010824159
40.80278723160391 43.82316725363592
77.90825154676251 52.48262960444707
65.16181094800685 75.8784671375008
49.2268753009887 34.67158488557306
48.992953024559036 67.1939306011328
93.73044213060547 87.66714740124979
96.3561043229405 45.857939606011186
16.02852631465006 56.27727848985064
29.43171340860782 51.357407473933606
55.80021189765897 79.22357725555989
79.17125095485422 97.69629963515342
76.05396768195924 69.42489022647543
9.846403913917023 12.459213330452478
34.64002463376003 87.75392402567162
54.620216821184776 67.30473121466714
33.01839663959105 86.24807254763985
80.67755632541699 23.472793033212014
36.80511039885527 72.25184671272297
98.92274395007375 77.3140100141818
54.91345685921366 32.35151706227426
36.01754688862072 13.224612508410672
59.665157926950926 99.9805207890821
33.73769352581045 20.094311302437195
23.112980125928328 40.56305292152362
30.416291558369267 96.08639461815665
32.45520399700544 16.977629693107666
99.65802409250304 54.999882568981725
77.97044351026067 95.88910168945803
16.511122089444974 31.89634908635558
67.92596690613037 81.66708152812508
30.37755158675901 40.0756188300609
79.20196732008552 2.9530535034448246
93.9838473418387 49.47089199470979
8.668330536983914 0.13062374891739115
56.10331698720768 78.01637695699768
40.80459160358005 35.41215316515679
56.89500596750858 79.48574000134228
38.50488215352939 65.30520368232916
40.47425580877645 8.089775745614403
41.20686864894062 72.96291098576205
8.125055849073949 80.15610008152284
67.66357516533807 74.44773029468064
69.78620738432284 29.33811970830691
21.62686485490334 96.28780169981363
57.33789293469227 38.57069976686467
18.600075903411817 67.61081897111016
91.30331823375539 12.608894275558036
61.5327851307917 2.1579138878255466
67.96406126498827 25.451482634239376
56.11799178438436 57.557238652219986
42.62096820350252 87.40532233105198
78.52203773800585 64.08831547133185
15.715837054617355 52.95069670080211
40.25697570369745 54.108439609948334
17.084170081777796 66.0788000505434
92.48279500021194 69.72791388110636
48.783770366952815 31.985829085857187
14.940248033701808 44.54341595340144
5.8699222721444455 42.59991551441858
60.760004285891725 20.823531351388247
25.33169564913066 48.75376718541451
78.17916322717183 22.09830547886217
95.79697542444718 6.036968606601089
12.114073637693535 17.480055912738514
3.236536705622839 85.93006326530721
98.86170598266597 72.90247891135847
77.06780849926587 24.419708979493294
15.654138146549402 58.75312832072224
20.534018913668294 69.90140209668638
21.130739432458277 94.8652031683061
36.805387726681445 26.802815326194327
75.52556228906589 14.863354892942638
14.721561791441818 18.73604550743362
98.31130148865802 59.38269228374439
80.4430029777716 88.74745509996315
35.18907262828108 0.555933434974043
97.76046350909321 30.690980481804242
49.278901540720454 24.491430854518192
7.483254171360487 81.56131434502117
6.097610770383611 17.717487377720488
50.59936153058378 39.74472258227587
99.1440985431373 22.613159317822596
42.56275871823802 97.38928529449183
59.262134145453196 61.674341004973634
27.807798867233448 10.908159576116105
10.50969752823705 75.12410553917064
96.73470291646974 87.95419319523268
67.31474252880513 50.21176985032276
65.9617349266962 87.22018249635094
48.37613374832714 18.81822334024681
21.949523604628794 89.92870720655104
7.3573035612532145 5.269809362216648
39.998473696742906 30.052811399684686
29.40090391415119 42.39847747063191
0.8311850470598459 5.806675507549263
45.778778308246636 42.80371940676802
60.0399462758834 28.224990211170255
43.62139084926836 29.229503733206897
18.525122260804228 25.05277799096872
23.608287887460232 40.13142486984417
