110
52.74315089958491 55.45262239854264
6.984445236019987 96.68125713727787
88.03241987452571 9.56245627507043
71.12110262284162 50.7095429095756
56.614889771064924 76.22228854370641
66.47826484007867 69.68629473927083
43.90253100018846 45.399832161389774
4.462222713438968 78.01531637719886
56.06540055210429 0.033214002383319396
53.37107664195759 71.27740375241767
29.07774535081351 55.856040204971116
54.93988598244821 76.47172653950769
74.83257369931138 46.49026347903099
11.351221834887449 25.511905499592192
41.28409024969194 0.9206709612683661
6.318897445051919 7.758782862425539
38.35478895816102 79.0265956566146
3.7660023314030844 63.247162399499366
9.271087789826604 59.83912125276998
75.49932963455424 16.09911511423403
34.59784480114657 59.63218818578944
94.44746446505802 31.98156397860209
24.56272888540849 84.73167967045991
9.338900085174128 47.123024869532095
22.533378671987148 72.33681999397139
18.52865187980993 94.31757418234157
93.84775816448338 92.8932109808047
74.9827970719983 10.847804349320123
10.859259286153634 0.09312490876020041
17.776752246865392 73.86439560837907
54.010074418377975 15.325509530326098
37.291158819775895 13.31152312377679
23.5635391973561 85.23694294077725
21.290550191470558 85.79321232111377
1.3316286326804039 13.572032215237096
20.25739939591086 47.793728468322996
7.8774728758007395 37.14673676088604
64.21776228110369 94.70354529943369
56.22138524352476 83.90199664152576
90.53236887571315 49.47667852716848
38.75407915631861 95.07734909754834
56.28138487285229 50.44001431524969
45.67363224422913 70.79857903154877
66.91904624049512 1.890581115161749
42.32047647433912 92.06904066363177
6.034853778288596 72.56427700584486
39.101322014105314 59.94340030261056
22.372234921853206 82.40172226815913
99.84498520402717 77.7039340984783
17.552064153208967 83.47527947236709
6.465770971294871 6.405686783655263
5.101635153273943 58.250492804996945
35.31035892819684 6.626141767995297
71.06776016277271 93.46045739260009
38.712280832031766 79.83269163298053
26.993934384652718 5.273199866603839
18.549731069645926 48.75634039405453
41.75084395339432 76.86719689801123
45.921364294946244 81.64513893327013
70.48890030249643 41.96773693798255
92.76065164176106 54.60603124082159
85.19086055204164 17.529012799039055
90.31654082631525 29.946262596480587
75.68010330622532 65.57420412823271
43.022117260917916 10.72887422472375
32.39420920035768 77.2061556228962
83.68733433005305 34.84128355571758
13.558430858776116 76.08671213145207
23.452466173094024 50.14502971946412
12.788564382999745 90.07513177177758
94.91344824435048 65.45546381928547
30.960318223577787 99.02372559299073
38.755422270039965 76.34305979053948
29.86514558325395 22.065613112733306
95.1613653298483 51.48937179039711
18.870481485479452 6.251445379174703
21.432293712259632 62.5775277616614
99.5188868520248 40.247815182184674
45.23263719110832 38.60023164552969
74.55361816291935 53.40672288124414
71.15305157916869 81.20529600835906
95.83444068862296 84.7842536792766
36.795008986275235 5.488042774362278
13.807030996412717 8.81913374329577
77.51585003788433 18.95053321690331
2.6448146050759735 66.75971865565313
97.6153859411354 76.43478180199133
8.413911804324492 70.94223524004043
27.015039556094166 50.62993438672769
0.5736094746343179 13.6944974132588
93.06331967699055 13.654475874015615
61.1354937396935 72.40130942671897
71.4983601491036 95.66537093781265
25.039877786738863 15.96580862514363
17.655036816425394 49.79517656923023
35.95479739311808 98.62416061532554
20.320108396227766 25.0108408429507
2.8531471168071754 28.304617167758607
33.71727674556902 59.56329206734105
63.22182159288726 79.09850922044433
90.74302528544271 83.25038478464572
86.33922457598791 94.82575976370529
30.626062914721565 45.80041285557732
68.71031569543395 84.24335522257182
25.098731117499774 89.98972733840544
67.9033070614664 79.82265246524734
9.988965593905752 44.24985937433692
84.55951560440946 23.08309014395904
94.3561314968045 65.97243525077832
70.93545950306066 79.30626654106977
