195
30.38847741107824 98.77408089727838
92.2964476785344 50.22998642060025
68.0670157719935 22.603669282547468
98.13560793344884 49.36755173359082
9.439143406781803 6.2843889339704635
19.529906801849084 83.90490482156568
86.35855420229164 19.867731759631845
26.77322380036489 62.419630882870955
68.29591228677104 18.127153150367082
54.55434585544173 31.14230071047147
36.34136428893628 81.15214150510056
79.52771640226841 20.97423683908265
91.79766552784268 96.53604968591185
91.23290773884672 78.29980534990885
59.811940398429186 86.66779995914732
34.84525910206454 96.27970271390367
79.34503028878243 97.6385187533101
83.19548810592929 77.13441275360175
46.476724662787674 15.15071642607031
34.09774381503949 27.400801184061407
41.957945913711804 31.38583166370217
25.66633570800415 56.51468152152519
10.02806098025899 70.77634370724732
87.69503203890717 45.753615940804515
88.20236037886599 12.821518271810305
76.92684322216779 2.9060121958932594
21.43190907038384 34.54387057349201
69.91980103230485 57.78661224147012
56.61103995550313 77.86829430700057
59.56102972517272 82.87282482207021
69.97642210242344 78.47493319959715
87.24249992816387 46.28338029205319
86.31974503311672 37.23566241036749
75.36192247245708 32.44280276622249
10.311581618076227 46.75113641874024
63.93528198878242 42.903723683153586
91.381462371167 54.510995215715226
32.7829051142255 25.264997439649918
62.30739033184813 63.637919192111056
91.62221513842952 2.6920853809602963
74.26513512793541 74.14556237740577
83.7108139152472 80.4033580621333
17.378915026698994 33.22423635939755
50.099010125762064 39.74334102977315
50.55670395351246 42.85248053227409
9.60182594291732 49.67342584688137
22.97007043280458 77.86266454279544
52.12662713894597 58.53342346973866
50.406590434917945 72.64712237417106
45.30367308439225 58.29997598514039
25.226199484714773 72.85162708036366
49.50049742782028 57.50941148110075
21.029489551394988 40.864141405995966
1.371037893189142 59.736764951224906
15.47992646716766 73.39301123980239
71.95940299582493 61.969464115243426
14.20329800989073 6.928563357460204
41.524627930863915 58.23262395933227
33.80409559217157 39.447721768769185
43.67563515929953 89.59632997043985
73.59708765075993 84.23251442178524
76.82535889749252 79.96628988724052
33.106663894184706 78.54528433298373
94.82082493984328 95.6522985182615
54.81103370805543 44.503234072326514
87.6864826975888 41.97047336992249
43.79025445287987 73.22357419697101
20.157187569954772 30.09398408626308
18.557069983913454 86.42539269649053
12.858497310039407 22.34808486930524
14.55356639237534 95.78559635967497
81.09826180171879 21.280704142412155
92.02495835849206 79.66342827983
56.73819602834732 32.072085979484676
55.05189855299663 71.58716602411552
11.931186415662498 58.615987343241194
95.10454131340884 8.614216751779457
18.709751628666982 5.441015741237942
54.80846891660332 76.30086263814844
19.35424855358666 28.946309408263904
91.61274160711709 48.585771717919116
39.381349426183355 32.615517717477346
22.73337369918974 10.961526834430957
92.59564936677735 60.815675899896874
60.48594955963383 67.31981456843792
63.2934590201918 41.24110430338962
96.3486051905472 62.96918282671412
68.91366383117644 33.782965881978285
41.151273856734385 79.93874418331345
56.09104667286975 13.139310311630547
76.30235792422611 66.01842930885324
36.31213557586748 94.45774587498539
38.965337432670445 18.959956792813372
17.79922954361751 69.76733506211154
85.42565427395809 40.635821403978035
8.87722819574288 72.75689657904903
74.3119385497771 65.17913106281519
73.67505430543126 47.8991079420591
1.219569173821422 29.955697598317965
51.4529849930309 56.469270332909296
23.65009636504174 93.72969546877967
70.48088001008784 78.49953339335136
16.98992979232935 84.5153575696729
31.17653392547457 1.5117625903828147
3.0912560400315203 15.087718475544044
14.21774885848478 45.06048365955759
46.464579753587145 28.202761591339033
1.6530288260868775 0.994361164844404
91.90776754301092 24.19243287461533
55.53160762159125 12.83147609038242
36.233863776019916 27.88959956573419
79.51632813071102 19.88740053143282
44.83567312673542 26.714804382124026
1.586916672109262 41.35476178478316
34.44293246180572 77.82956675048403
59.641604463701995 36.93148832297324
89.35053178417091 41.5042770769488
89.54238783809029 75.35346739009188
20.549342779860837 4.142983048569581
83.50236791158999 87.79356697560266
35.37344068562044 96.75003706736234
9.500884940424925 21.50201800052227
0.26924755427845115 0.8719106787795305
87.26546662857947 41.907391996403994
1.6480409956252884 50.013243233226625
84.80535504447198 89.1731957600289
28.024023853225945 75.36308613150237
4.161940321361368 7.2025311399620096
68.06118506953828 97.1700345772653
75.37351175463279 62.01477181975452
24.06519410492287 31.567370799307948
9.61554485090349 80.60329258475852
57.748363822013104 59.25236583777422
34.953746364558434 67.88767695017688
67.15765613123833 17.26984042897651
83.95599896878524 77.8486096523961
55.063652263182675 50.55590942223461
90.60237577989015 83.89937818002825
71.62857324058382 14.994193088359653
71.52649869882343 70.05409549490189
49.15730304295557 81.55377578641237
19.505011367409843 13.289775133381877
64.17796124550671 35.739351558667785
36.25157631124629 26.708823740919605
45.01740420502961 48.07536940529108
52.1070359057062 49.06284019996032
9.667581413050518 63.09869319562311
14.142622659225024 74.46424331951228
75.07491015367634 92.4565417346601
6.70479081410611 85.04260555277
2.111025667561317 30.551965221943746
55.755841800819795 45.61418175428571
18.63997282342028 67.67842113897676
64.9571704544535 67.89556848507435
18.163750718354933 99.99226779991906
72.90651725118572 1.0904193384792427
76.91523969515893 5.201713274985886
78.69795243760083 14.32657998229817
56.70537333031114 50.89643024896016
4.436375857888153 47.86375754703788
92.72125309441286 3.5749784914580696
1.4441336422023832 68.7268999007009
70.73035361168259 26.335154096930925
78.82851844909948 75.58209556614256
43.998023367264985 79.43517080507137
24.12894825356162 35.30030742428642
61.99719410000566 12.638984916743912
55.026496660414715 61.26602178906745
16.876258218742237 0.919913943346351
76.18943514460128 23.253926885320308
31.92731846891441 21.46909348584346
75.9936505555574 44.294107372776025
85.98041902562056 56.3377536849792
50.555967391261326 8.65108998494134
8.215313801902614 28.318223063293047
43.80303195246682 17.787528455309275
98.27325622048015 1.6631919281290597
70.65076144183755 32.426579909715
49.46926111334966 40.458300803181444
64.24691896930074 65.2382407182403
70.88423604847705 89.42451599074045
89.1998838979317 97.28121974784598
72.74159019199908 61.093087409372835
2.1450658688482616 59.90512582055696
88.01612238019905 20.310899587268306
62.58487412650562 36.724791806460075
53.915369745492484 48.4042427793123
50.014847291155675 62.07854359046948
3.9442834686771566 7.857204816738483
91.46353811779818 27.963351680531577
45.209195747489616 93.79908542508498
27.220735723130385 78.13773748693148
8.899268007945205 92.04915189080833
70.17473600946987 50.64631823448489
99.72547657281335 87.43455875358686
