160
14.97525510107176 72.31231069152999
10.240663598544542 35.614797066242346
45.3215258554124 9.865841229802664
13.147321467578033 42.117787733638465
61.8551176599219 80.48645680666802
86.58791551102775 48.07041589694789
94.57753463487346 6.470584317830664
7.70163661397919 83.40735967586409
31.064356922013136 45.67080213268231
46.20773535609346 88.93299792522537
10.725091526368546 24.466519436587376
78.35146819035243 58.80864389907185
48.13926097951832 86.84146800492906
96.99588229350708 92.94876581612664
11.547749472703462 6.12908963612041
9.518282772869647 20.547334470846877
83.65655848538958 52.29726624065669
45.976723198465066 80.66792296142158
62.26464831149479 33.221874196014255
20.064241087669977 82.25083647142655
52.45463788198619 16.259332216782994
35.4138646080653 31.919217886345507
22.11004464514389 20.179148380446065
89.41287978147172 60.77964285317545
43.415599726675126 76.61933463737249
13.13035186223146 94.28297038823766
9.768882058200678 42.065064449072764
13.145410053799855 99.75442522506206
76.96087348344263 92.02612482112382
27.33434506142185 77.06057811596331
63.477967880335044 45.38397171577368
30.622360511106926 61.32654056817939
24.63931868875212 66.65578552639802
69.92154589380597 37.1461095479072
22.115384743881727 65.58488889576022
27.910269198240222 55.72941276980649
53.34780058759726 3.92548514341452
54.66426974767698 66.06761389389966
72.99286412543512 28.09617166698707
65.82850297518407 37.9005536334119
22.84451585229943 68.17614541585306
96.96631685185537 64.47014837524597
99.23832567699483 78.34964240895192
30.703816097430593 67.1260644604427
59.63373930140268 32.24498650246731
89.00762601211693 51.82077673879871
40.872348157827446 73.64390896096394
36.659143343179856 48.53732523460575
20.658729368076468 5.659304650385611
40.33587148888422 13.60454024791502
7.104864665791011 74.84374365386356
68.67442516814012 81.59446126303705
51.687711672923264 61.10701800721772
74.07154327408968 94.60847713418627
98.80050676555003 43.920364942653045
53.045235058287986 3.3116927290287923
15.185689397829094 44.661086369880145
50.143982289639766 7.308484582601182
82.99482904329078 20.79990479219358
3.8696718426373677 74.14433167916232
7.220115154450568 55.97959270050769
26.633656637534862 27.414589810978008
66.75011278152242 29.714060381951946
85.37975820398557 83.41793202324334
83.67876983078777 95.28369007887922
71.4393484068212 6.477103869681711
79.41463771614016 27.87712796549243
26.930079235790274 81.88929893065509
51.16484842476395 11.639389465345484
53.74545275284596 11.211979388843075
94.14463791483547 3.8900490250089126
33.40614292905079 51.32093440056278
51.67275081768453 87.13490266916587
8.840328467165726 23.70282535441277
71.12769605553875 49.31333237104638
58.284912547101655 70.18894820884644
92.7042798216672 70.81631628501407
24.821740896405096 45.39945041268594
40.47794933356141 44.55674276143075
20.556441500830623 9.637959581380063
32.16285272389941 94.41357341806801
50.025727543401786 60.152206078424875
59.70965216902948 56.07726001004154
20.180880270297198 39.28632288084244
37.638716874278266 64.9233685060562
54.32377879389711 89.86809330992992
22.980413496373675 59.24958279176289
20.35828422021597 20.435436259240745
26.447379214775136 42.349304937625845
83.91976046142098 41.699207242402444
84.08544391403592 9.236160109801073
11.376465544191127 58.57704153210692
67.75455162521374 48.1610424957585
26.83584856715424 55.01356368952597
0.8768753473085256 57.32272648500983
56.65813379403497 7.179443831204146
82.44960316482232 4.428828550921726
83.75068718205064 8.903172867334963
94.49860625999489 53.217596451263205
29.07462261425896 16.30520041427883
22.797959287504998 85.99263126596838
31.15419118089642 91.26902840354374
13.89678242076714 15.429978527856536
93.66135436020852 87.71541348146229
33.181352516300656 98.96730915533512
27.074830773295254 7.301308867067268
38.31184782885602 70.71623510154112
19.8717820991442 27.718312832128124
4.0156261943608555 23.85247202531633
3.3648732001070214 73.6947916221791
59.90822721273723 59.61106110545049
21.26727820088187 59.303907065430586
41.78411063406102 80.53755993775599
57.46096461684055 10.554401254059941
46.43453739892337 56.58623658904182
2.8397653167075765 88.34734768463453
13.230903087921831 66.9286699433254
68.63847688411597 46.47632649311958
83.25912899201803 99.3284139264608
62.886770828026464 33.6325040109688
77.93562600890938 62.18511318247225
51.17323685994188 40.30483595348644
97.42412169342387 86.14493048060737
10.647387132629271 73.73434664246257
26.294029467831958 76.68538493288327
51.844795141454746 10.193727775847506
33.365105643380474 98.13112809992175
63.12799944873409 31.052344269101575
80.81031890901919 63.34359497864097
74.51560181664331 71.43127309101949
14.322200295158671 22.360146322944253
95.36048800131377 22.425978619064534
48.07900395860607 8.647233123002563
29.78574611129251 38.00766739241881
67.1592169566606 37.49416523317499
14.79013316753619 99.20452266503636
70.51516868642422 83.66817574201731
3.1601982980423937 30.678169703511582
11.984041168624515 57.722129895446436
9.170101774404715 64.65040442310898
39.43423264785587 20.026741640758406
18.5060038424561 87.70160949803335
0.47058416645645584 87.38111300339075
67.62067630635788 82.89022714377575
71.94242983079216 70.88687587193935
19.12792667449792 59.0087265674177
36.43676640781144 77.4135991536259
3.217665388045099 56.606388874437144
88.01722295712733 70.33328598116
97.90140025024978 6.022338790103721
23.282081614221507 7.580555815866052
9.808341543334908 66.91945708105025
91.21302795585213 35.49007292187558
91.38821619321234 36.811167134563085
65.75985656397103 58.05249597432963
40.15021594173693 22.53680353043206
31.55124250398845 42.02252626551633
8.700452183915264 47.21384996152369
69.56888727925713 5.837252663813097
12.35361716716289 98.58636114721759
