125
67.39443878960816 87.47506903094411
13.100117659857514 12.218440640752293
88.10075197063911 47.575309576711234
9.040611366936801 35.09091102972918
72.00527374797461 35.699739725973025
50.5232864669027 78.70312666484413
75.29439471625294 10.154894215469291
23.834280979579948 38.38216741844766
68.4217822466292 20.05143500682224
2.79705825768346 29.2055268511233
45.05420881229374 1.810205532548026
22.704248126751935 90.06673787833822
99.00769978530278 65.28403079165939
44.61695818396033 70.56088563488508
68.64515930534537 76.02685111485246
93.04476359543597 50.454914918211976
34.1655587650726 86.35676165916813
26.35487255779847 42.38265925870635
52.45843556718701 24.56816779044416
60.447501120178856 17.031332370119866
37.7700719018489 98.82345772378588
62.13002104831953 48.49863113194643
70.45695648405898 70.08664724962678
53.258942413191626 34.48175280105357
38.62295635658548 4.413089661809266
8.719745695017167 58.63746394822952
56.2975056371778 7.805740620309177
36.74184853084752 98.19922327330057
50.111181991553636 66.67105917646036
79.17529766782711 31.574178253592812
57.22441238699593 22.069077747339815
78.15569537021887 18.581241755941424
6.820590473589194 83.67042995217514
7.018619668702996 27.410105989825617
93.45575250129208 10.433666361264205
54.20459469413886 79.77313675958814
34.544083374998955 67.28481683307605
52.83691937749754 75.97592810714376
21.141597516721244 20.64929300726672
62.27326687578708 2.4849086817623323
46.33445002384674 71.63853919787256
9.56128513906246 52.22246893929439
61.24861953766428 96.78190660821232
23.917791019550272 2.1469417545179614
82.0772757429907 13.193021439817432
13.054544904988674 7.6594622576664495
57.60344287582612 28.061333515540486
93.12568097626826 10.964713035323804
78.65733049694997 5.767270447569073
70.84226433328821 74.28713171354839
31.45187742017681 65.88710288535626
52.52460686129008 82.67246101461409
70.3245091922088 77.94867910510706
89.73877514841914 21.808543643837364
98.53699565386728 80.35232565191042
36.89077184641375 21.110140168032977
90.60154998945781 45.060151082454084
37.41244639098984 30.720546118141854
44.725375474097106 50.22999159913761
49.45942865222589 32.49619553654368
88.26057929364005 95.20562077668728
32.14433048662732 51.577723540918754
62.268172475905615 37.18043306610207
24.217255162837258 0.7538107244479342
88.23750850417309 70.39659647228312
16.99717633485881 93.87075621266044
23.439372464939023 84.95689633546958
56.168327584250534 0.5583482900987646
76.51373006814019 49.53800188852608
77.07660682109685 19.358714047803726
80.73126184597601 28.3974368648679
50.753924579433104 61.0877531716791
17.67911148768707 73.4553630735866
12.198608707994197 56.74858214688433
34.08077183792967 73.86717205568293
84.60437841291649 35.80348066087454
50.08843332373007 22.25227959482705
57.35295497581002 0.2773576199140315
16.050433543903043 2.0186224696625787
49.57090799864715 22.50587972143492
44.276643609587175 6.965426955519294
12.117547698148034 79.50864366273868
23.222618191154588 6.11986642593717
89.10609205044688 53.209470765849154
38.699626512614884 65.70540991804546
78.29669052032301 71.60366562123781
45.94470316914116 26.8002134337172
88.79599973871952 39.25784026265696
69.45634965501493 34.804041315763044
19.89349989534923 48.60836749089453
99.94865078308648 97.94540382925173
57.020897531521086 95.69011880940045
95.58873805136113 41.78132991823978
79.08243615715855 73.08002664074252
70.60093762448828 19.138472333971258
51.924741859111414 78.91414635197339
47.19175235518114 61.475631733220894
29.035111706884976 78.06393545664126
66.86383560308997 7.194606374697921
77.38857412729881 50.824379347904944
46.57390999015756 19.072887121328286
64.65382859249407 38.25442926379853
38.69650593262514 12.146826994828707
72.89915010457581 0.1204326917864873
27.02505345678603 18.358854830064853
13.921035770380119 52.41521979304788
41.11285942328403 24.91571382562041
13.769466501493133 6.45090805554247
32.30681930801575 40.25272113758158
20.06000565845232 55.41595499318955
47.837809562373266 34.566863520820476
38.09507974367315 72.7583272774502
63.98613103815152 55.57488876728349
62.383679282054096 91.3552857993248
27.290639831132356 59.89057542837901
12.651736272201507 72.18003638544334
8.65892942178087 41.90115031332864
88.23406531791875 44.143753094708885
69.38764244046425 98.44777511081755
30.478054376493603 26.732699955161586
31.65682322122969 24.6044218476969
1.4362892761898505 88.72755672589176
33.452547256956365 3.5872194459035334
59.64220175194201 39.15383078825201
96.55273391091994 65.12082789137497
