136
69.62073233642599 64.99714164852287
55.825630332026485 95.09745203185098
48.42241436990751 14.406207605584232
22.35979573567143 7.672057927428655
6.978109447968639 67.84501294791771
97.07984923898717 27.33726114466576
98.56293374699871 21.46689396461309
35.354588804040034 61.60468177227536
26.964620063704448 25.39889955353202
16.340359206481647 45.798694179709834
75.25136966801428 94.30897956608149
13.914010090225926 19.572520362630495
78.25352714775022 2.6164070828896158
13.763940188163815 43.09068871949109
64.34813947604437 25.523721704576342
44.55378542580847 74.73076990417711
57.21422452922681 37.17220506559803
69.81306279443264 54.975648221731056
16.541049144221365 43.06992033009522
69.7353078532364 71.56747872695067
43.14522031631539 1.050516094165732
70.51278449852641 37.483840380515396
93.02481543112918 70.10033191624473
38.16885158413391 43.320661009378114
89.85371334872356 83.97544740514039
51.622887317680224 3.03481518699652
68.45517120375544 3.6173029552913682
31.40798549049747 37.15427727025381
90.62458902182577 43.759102429257744
58.97638180054769 94.74577329921968
21.942543864546458 92.33571819586116
95.86166743569761 40.46255395974344
32.89073106330528 17.196403496924862
79.12760317003601 95.08646496196353
13.583168911406373 71.29592392246897
60.3309869294118 73.93473854056614
0.051581021260671545 91.66305747635126
13.681969307898534 34.57205810196934
17.842276251707567 55.973445934938226
41.99817263678063 6.55626328377954
11.151008917170824 52.68485696577155
24.94230312265412 1.775449718351929
31.995812067314 13.12273609553115
88.7538203899499 31.360834114650395
52.861575074848076 33.6155207341969
7.601938926009022 48.792144850970146
38.694286607328344 68.99110754269013
24.57339331404618 46.15348456334617
61.02609910700893 56.70444480575717
4.017807609297086 42.838714003917666
39.302719621784696 70.21655133007447
21.194821123752927 33.20114595358212
70.01212229652988 23.373187420357876
38.89446661580096 96.56280052885803
78.84202971514411 1.8953630571552527
51.53104096917232 68.57780034356539
43.65799595260291 38.948342941052985
18.53820501665302 90.98256974624384
8.415445349850593 67.27673741690037
47.14330775754887 43.00910817144027
49.714050261690126 86.15667353401737
21.25569098436132 10.036573774053604
19.555035755429216 56.453498016627535
37.837133822698 78.45643383475698
94.43233997027558 79.54613183977946
22.850316848599974 11.123069814739905
77.893892187237 86.16856152996569
89.72426507355405 14.903019828909391
83.22197452612893 4.471866510185918
82.62496800901755 12.363142414902594
68.27650397151437 60.28066067834739
9.601602227715055 31.407243748296175
71.34742944707361 28.43325504606581
68.93193079546116 43.59911524382193
55.64063631064877 11.224411380319498
19.370317592494025 57.16469228475941
42.77538066096186 84.98632485581747
45.408803021160715 79.72711318894393
71.03650993477478 28.815902156921236
16.576018795377212 85.56642263272633
41.06587717629127 56.55830046590604
77.48218662815746 42.158409403242004
18.398063754885897 42.72039698351635
52.69450509160982 6.8114667555535195
80.78429091115851 43.55675335767991
89.55958015586204 96.72710630876212
11.364078829415813 9.67246894430488
74.64351350246672 11.208998106787938
45.07255237441859 60.499070539905695
29.03268290606925 68.87367310015604
98.90076183297391 81.31539531510803
15.894015296859454 13.41275324258161
56.344337411961476 63.324600158981205
53.43240710944423 62.29695327427791
82.12375193121272 84.86173020941602
49.413463324390605 42.076547732012536
63.12873676397723 65.51441358260396
91.52007554319552 71.42671272581515
67.90681832426407 3.7138242029542856
64.13374917457398 96.0307520569281
23.768631551718467 76.34924680868109
11.61513216732104 89.4135202685565
18.78129161027191 30.354620953147805
6.25209206221874 81.61763500786773
50.032419104515625 6.383188196332545
32.93870290944495 23.824155901168453
71.15268822596833 18.64185423270267
37.69458555533497 75.94161393048077
61.898363210901095 84.89574185234163
41.18013215946401 88.22152508500223
38.84119479548358 37.95822882717362
19.49454317115539 29.036404651997028
75.14105127555891 29.452849395299207
10.984137109719194 36.927156640733635
13.901501381101 21.93168553766477
60.70003802317934 11.291867320917959
73.73666507246566 62.791343117064
75.16867118355435 93.33880754013681
14.78896201434825 11.670629720130421
96.73747859834891 52.658008778899756
81.33305652039029 27.979406848606814
0.4752995540311278 79.56261168966824
63.657879026146524 82.67084874322022
56.368257736700265 76.38771328273315
19.09123267438777 85.50665190554172
50.1396116572694 95.6623345633469
96.47332261703663 60.526899137968606
9.483779665670411 46.48692985877227
35.92171032026867 40.73598448333179
41.16887266314806 72.93483398192897
46.08786300913974 30.184016385645084
21.07788202705505 35.98297268088809
40.81532427648678 22.71038174985297
95.5244062796819 42.272441933987416
29.477173979825377 63.96273141809456
63.82743429685065 68.96435073887382
