163
46.83984471752781 45.8443881246444
97.43585354554338 98.17258592287413
41.696063213100565 46.99799536627716
19.558200895119793 58.929762812150024
43.177768955117365 38.67118434561744
16.838235116663125 23.171393128194552
81.21660771270774 90.21358314493068
20.70630357133013 45.845196953791714
24.40957445280577 85.09034860609475
72.24260767927662 92.00150582038432
11.863546545353486 69.52706997157779
34.95915980156599 75.96009105482179
81.47249515607929 86.41057630609697
69.50806277577891 31.66469290249838
1.2574107917874389 75.90294091485134
93.8704326502683 7.466105001093237
16.46663898190862 79.26627275020375
49.38412952740019 11.615572749532276
30.87068615595303 70.893392063042
73.0845203173993 93.1001848969778
66.17903244016489 81.83875802151306
35.49668743473011 47.011918874722426
69.61322738715461 99.61425712984779
2.943184100872076 27.7373977386409
65.2406505395504 93.71728867580337
2.257496264608083 55.1117520765932
75.63984576075015 91.10213130192001
4.55961799790906 7.662315197265257
70.70940853182601 66.1565333173861
72.40459324745085 43.22551073026604
15.276417994071178 44.48732388989829
20.579434125070694 7.085748548459414
51.60330484255346 18.227011044102436
53.683847521006655 49.507452197050995
69.17664199212906 70.63236858366815
86.3626850166002 35.91342409729972
92.09229278854586 30.392359179377117
73.81815503492227 11.016608970379183
20.477847918851644 84.5540054299612
13.296522668085897 1.9507796510376152
0.004543161574055432 29.699221176683633
70.43295544961514 93.8705389780467
96.42566339547865 57.81928398266163
77.0028015980867 90.25372184404449
46.00124964059589 99.8684503398426
19.61290170755552 96.08276163606732
20.07162422188641 31.637621639843182
69.58423789455635 53.40768653993777
75.37621454252417 87.13762282513552
34.05490899240057 48.06332832560144
30.37039347346039 55.77718923195779
84.0546508225114 35.88331270181041
90.54309248897269 17.243361445326332
44.08772634247492 23.693123168974275
14.972698314620237 34.66546259911269
71.33794342322845 33.44648154021189
91.5117804394977 76.96910051108638
15.911142456103688 40.62303282863087
34.6353498125327 72.17042687205183
45.484033218387744 22.98500793521222
72.72956275591496 89.28394001539543
12.838929788899666 65.06240040744895
77.24752569189641 3.883249843810066
78.08039949316759 11.963577494926291
26.02173072976195 55.05054266728543
76.08922407733112 39.64040826900563
2.3416177723641685 89.71087080297868
6.374416661371685 73.9547333114568
58.4876337778215 65.00567463239558
98.28320514482353 34.23951078225983
99.00109471839886 70.63481165578827
71.54146271765443 65.41738647102194
48.33631865349852 44.787322683887076
56.21002468842388 50.77675029861609
84.47876469488168 99.22191850698587
96.84958333832178 92.06308308625447
43.5776752634632 47.64782045314831
46.266711183909834 55.53048782918948
2.1666147018734483 63.325787897198104
94.34360080081572 54.81923217591967
52.70719350832434 42.11895704397423
8.308783388724716 66.76820310453495
58.43412020080847 43.929083774082336
10.978096012132621 78.50688603059434
60.64578122253974 77.48109184820143
0.04336864987209976 80.03032289664638
21.79634724494093 28.88261228240753
60.414862391420286 97.2863109959695
14.670426199831244 13.783495031813263
97.4153554452731 69.5162701339766
53.651587574475265 68.40827143820172
57.72197891352663 28.87427897417111
72.432972128072 21.56908507513612
61.038461319754845 8.85646457029301
50.160842266920305 62.464540679758805
13.492336884992163 84.87222305290791
7.271078195727321 45.58670362579106
17.1863818354577 43.734448220495224
27.30767953851172 70.84655432861624
38.82622628835782 50.590466804575726
81.72522151416939 26.254975789044387
95.50339089410137 11.245025628543315
16.744787136644756 78.2063797241243
18.699187262871064 87.510009621504
62.808008302192476 85.76284660637594
34.222898425669115 75.79062614820637
14.412089945580831 70.47976644102535
89.2569454246506 50.608291846466734
21.52353530114367 35.54403771201464
48.33918771077936 9.623982618935267
41.520839050371016 13.338133252948325
35.98025562551855 95.59961761105768
11.06750438056311 33.274811355187886
27.102683583022557 70.12645373506956
0.3546337742103334 92.19977688789264
19.778561824605156 85.21192444901983
72.9042451290724 41.00163246724031
88.92824480827511 39.79734251940737
97.07983791919337 94.59584413482544
98.95303509975295 63.46624965131416
84.08759541831961 18.745594343017867
75.87581321909033 40.993010060261255
99.9127007920089 94.42435388702306
98.49930461659396 19.733704349428116
21.03349347147668 53.09079460074921
29.571592674694646 67.2146194589072
57.05535536355827 4.165202395155687
36.85035422632803 74.52307177546638
59.21156241033568 32.24860090786633
5.435839555282296 5.1428907147632374
57.90135837881245 66.14317064206713
4.97657864828609 47.34898701378678
94.0286453973389 25.488598270981488
33.273997683463186 95.12410940602778
75.85859288502301 43.41689058120451
17.019518509233844 36.9466517840198
50.42110921131937 49.91446448030483
51.56078792929891 39.48373492732124
31.919326400469938 90.4495388695143
1.122303841467709 17.812864652772042
60.5736930570833 98.03526191298533
94.7424206376037 4.960830670766859
64.4341737350673 42.16045623074771
88.64293540316622 47.63651029369004
15.013584723918672 38.268007048788846
2.753902392262686 65.5524786285273
92.25625267333403 91.79284353661345
57.453882996898585 2.1597278479588478
22.832221829752452 10.751446945531685
13.899974879591303 31.39282814306963
77.57145602166689 99.21319571857143
44.43365231301771 74.63922100360858
25.446179463034923 22.185154253353023
27.08308254986229 70.4937298927307
87.36592149764 8.984358470419195
18.65840772547851 76.92884795876034
70.75678536352954 43.81456314761253
28.496634026048216 59.19908722312226
86.1030987110277 74.25234494132084
42.45507779795011 51.75982415216874
28.30190907081126 41.29059088135024
7.226358655573783 78.31534901452765
73.70754482528751 30.797497916433013
