130
15.686721746264066 17.56416021179752
93.09071823016673 46.28493341412601
46.42404240623744 93.60118006284458
94.84251954372968 47.88838165755047
98.43113321100799 54.44529870538012
26.368817308422255 1.1063048340839043
59.75548419619322 73.642872875069
69.09735003971376 53.29791278381483
84.30816970263726 89.04843095666116
32.093353997846705 41.033664472149965
0.8528820604886911 93.56967849633182
66.05496790047245 77.12851920649449
67.45334884445423 44.97432478605619
92.20382782658065 59.539900768351536
35.98697139953361 42.859427809069004
24.592967962312017 52.42913506266768
69.25393378292469 26.726038566763187
98.19749895027734 91.73256998328709
91.83178472548478 37.537541608568716
15.893045760271995 39.4412962551356
58.429323548996905 33.61711144062325
10.611166285100504 43.214043002365045
1.3670682277856172 95.89376932193692
16.184641820144574 35.12120873515624
25.722076495273015 6.964124652277393
75.62563775232944 99.06602537178522
54.61898677285654 33.516667847333736
97.91522374231202 13.424121280138124
67.214533573118 33.62050683229321
22.25154663562041 41.20432017742777
55.13956701182157 55.94658690735089
14.999807486902839 50.19800526599679
91.8185807866464 87.63637106339839
29.464292027445804 7.1198830781730615
63.48223963210052 27.823615054922747
84.77134632514888 99.51174091154313
91.89933476705845 94.27590339740831
7.078504119872308 77.97550379501608
63.2631055481863 48.93135219923182
52.21532238160922 9.696988475317625
80.15816769551442 14.968947738305394
40.02484105695202 95.9001252370887
29.77011139910851 12.481590483671356
30.764697698492284 15.950353119842875
65.62162670689163 74.73434320346509
20.741342860040103 73.77751852625394
69.87882181074954 47.430299841830326
2.7354247485987693 77.04814166958614
92.52416517637369 24.038535227959557
23.615955477539675 4.588577182895348
13.576394167628381 85.35698030538119
12.098665108660134 6.892112755223712
95.93933317273168 97.87263797883922
65.21318426594136 15.915968840380811
58.39704594767036 47.28712561334226
42.769343394178115 67.80709014589542
13.125708388931834 61.894703356389904
97.32272461515159 39.779471277173975
88.50075752204141 94.12251760636742
96.92770508718831 85.20061725357026
72.66570780324089 86.57910020435656
7.56265380465978 71.88898318541611
4.052139791733344 72.1491035284219
78.53143134985346 77.16586744487117
23.933942282771113 5.529890373273993
32.38396027670939 15.63068578305632
31.09670056054815 3.420272929025714
98.03944733382302 47.6172948767511
1.160033259448745 91.04164320687579
62.31300299689854 78.69164680888197
47.133749278702766 13.699948481505153
47.965214904121964 21.02227820809729
76.60967611756486 73.29288074897718
24.52361479306122 99.9189477346332
55.337758505357826 39.668280013856126
84.4560128307893 3.7254879727538714
72.12240646706998 86.47365180721897
84.75532324359646 92.24790387178817
17.590414917602924 63.405810254004656
86.22026162950247 99.72784988379541
70.87603423600612 82.1576825512559
9.488437104104808 56.985525566469484
62.63591848125935 99.42658186621279
39.341037064616444 89.75250945374593
4.501826360516303 53.49638102966377
47.57751911413383 21.044420539422138
11.08465043398149 20.40510453741683
55.069003230629235 45.44150418341461
8.894578744866733 47.46912547625502
29.916231686627782 48.387113768576825
68.58941912113139 75.21265109956487
96.54667569480601 94.52581921250521
43.60645996578215 43.6433522225408
28.771673414955735 94.31170803147737
63.78482630164963 10.774380284550478
73.55695549715162 55.349834275241804
48.50728981622138 89.97858699304463
37.60228084812538 2.515534016073473
98.74843488757506 7.813556271927413
71.11693560276329 9.535325096172043
12.603231991588848 71.06239975504175
93.42616678998615 52.6307435937441
99.14290482038656 56.120361217545565
65.65942932068083 40.93251755779688
74.17225144531481 10.451654702708723
99.43103062955058 21.672375240081454
5.256708377694153 46.96168538195739
23.833597807534325 73.9038460767646
8.20126498938033 95.11042091197811
58.097324260927344 83.64608741775324
0.6465910121962848 35.153169539853714
37.77835321438035 19.41380746345216
71.23143715340143 93.68848433416049
90.56339295672761 65.88461661003205
42.53922983544931 32.953308918303634
57.919787944895184 11.850158528109988
64.53163900446934 52.55656880028794
93.4425979771174 66.26430944071532
53.26848590225405 68.6228197782
81.06651174643585 21.607228497681596
55.67100985429957 52.906963525447615
62.874156636831614 8.534822577197964
9.810361383854039 68.89981646268113
59.79293456865431 96.96463540378434
97.5265553692668 80.09824099660653
37.53419187643128 43.50704664329387
19.919042239617024 13.531945380657518
33.96612675331968 15.902629013984438
71.91851099456571 57.0329616298456
73.5959704833215 79.40917411644608
