119
58.739611431549235 51.53907402173571
36.29943710047484 50.31171669352996
18.66954643878079 49.3833051931564
38.74718159260458 8.233187663719422
94.82845028596851 15.903026629488792
87.19088563073576 38.61111342554221
15.160856096911568 98.37477155577582
73.3377242564599 20.198489512158837
21.17953156835656 31.459744037817718
35.08259517034795 56.86290527766691
2.8542285856144267 13.615346220625524
68.69154609801663 42.86895342345822
47.44988155217593 31.679527555732957
62.70858851218111 38.16099757028153
21.77544357116673 55.176600634252104
0.3407106215913669 32.06848086492491
58.88954119572068 82.5977583432621
21.819384152488574 8.66439892269505
83.49403059587765 35.29382018028495
8.245457502518782 91.49636709726396
77.87170572834997 82.55317023585884
92.43742384016919 2.995553423073971
57.87165688703829 10.014238367184191
20.561682655618085 57.71598894302319
51.13168164790529 40.783151470425274
21.564676770635206 3.7280602779915184
23.328743696016975 75.01835128168524
54.66101796204478 19.685268514039322
91.6118600779415 56.98469654742073
62.150041402378584 76.31929578934886
95.34051830087985 27.386554382921148
55.05345669511158 1.0605987691059804
29.412869224898486 21.7194505825939
8.407219599267346 61.60154013409252
5.629374020678335 62.32390126557152
8.386658775921374 34.560253836719504
62.22219793038896 93.69240865430868
2.9600500385148387 82.58162430819254
35.54993045841398 66.74040040149005
18.752276429487345 19.14784636394682
34.45968958696376 4.924954519392144
65.83329486030982 37.837276659350096
5.266770219766103 30.147635115101522
29.847048063901628 73.32676814849188
1.8886342600744732 69.96601044521206
64.25750705653137 8.087920331609787
86.71357852336297 27.979837722396038
33.03287500202718 64.38318888082688
12.348935335459622 28.162454928109227
88.66906689814746 81.19786655167793
38.40503130588432 56.24036627501351
78.38726144059763 46.12343035486093
3.0181648314808185 69.39890689635685
85.49624281155637 30.153063809536206
12.179679697100132 31.624705548618316
94.86714180417263 16.817863247301357
44.55251546697349 42.76523128557956
19.429477943381123 79.54559396335577
92.93881402969303 55.701577596898055
28.721886514330762 50.134528805423585
29.961386818708025 93.27981177464667
48.292404977243606 67.27438335900192
88.87872931816973 81.50740354015356
12.355420071507183 91.48065706026476
62.36639919668592 91.6119374401251
31.452403213300485 37.760879890453104
9.96018065710187 84.60530268919528
85.70643731006193 94.86464421748255
49.26267749180615 34.343836214191015
35.13071572722903 5.391367652387635
13.868484717197804 17.252289187171765
4.125200565093257 10.914398622307598
41.35077030296206 80.77498675772668
15.835144428072889 80.32829284010236
14.675210312970588 2.7303361754756006
76.46057686316612 92.89344345327288
63.25167940948768 83.01235513143574
81.23455217606855 88.57916983549751
41.21933526849612 36.221647625726504
75.94880170309699 48.705285930089595
3.798616090545792 37.99086079459679
23.602966352802667 58.07055033297986
6.215927543043598 39.943961415995375
48.69280217464767 60.060742785268395
38.34635388134856 10.113386608670428
36.950189424120516 74.87540582573385
49.68139728492149 56.87208270312
81.45260289413982 4.195822459561283
35.998235021295585 5.335810649221672
23.62274339784355 11.376817881993528
54.18847256812258 29.480446854911925
37.61879253294674 41.45368329792228
83.22620687522073 61.49347593637169
60.8626560485134 91.75592043240387
60.501158988651326 68.9445253784271
10.497808222423387 38.076432755405186
57.08543054244161 71.83348980397314
43.25115383854907 98.56587505188507
81.35475058370356 82.25868650495404
87.34263232150667 99.14205992415381
5.234803682327005 28.202182612839046
80.24281176774565 7.230450483441075
99.27631027165673 73.34302666387826
57.057181012057775 15.639771111770385
88.49130269417299 34.03725254125312
92.70487974069364 6.085125942870251
60.823920027445865 55.11761865927953
65.76999656542016 69.14990525457412
29.978106850521304 2.6048063918171716
26.770652945359974 8.325113123520056
32.918538809306476 34.59854335898098
49.812527798408205 26.00628159994074
19.24432064458307 15.45792224153767
38.772423215844356 94.87044895361734
96.65065380643753 64.13485706513737
48.245785500355886 72.56545692403176
12.000369772826168 38.409994734058195
28.561643206384158 94.43976447600558
93.69515117698433 97.84249998393628
