27
55.60539269687722 87.13624165673444
15.035882704337544 29.90727847146314
81.6446010987635 63.91603915384745
97.67581342150629 2.639055351492403
28.423002744172287 20.84957132433146
82.4184390350435 60.49326922841741
67.03212272489364 38.70649051891554
12.716915199690826 83.35842300315467
47.802510500002256 98.67677346932847
65.28527517708625 62.176821854335074
44.11268904663819 52.35295647731293
91.86087323483872 57.08525036196354
74.64007184707886 26.28957099151431
47.78798986264313 13.845141067947687
64.94236024545526 0.4373648110794326
78.71479550286561 97.32954357534702
5.2595874245959795 55.88630239325375
40.0353319618954 79.26187488579032
49.83643445998908 54.97382560379944
44.15486162903118 57.773625893240634
22.58874628285873 95.95281033367701
80.8522485338623 21.591954236109025
14.038285852899236 43.27219436447386
11.574384610998367 30.638739569912545
39.27752566595275 45.229026293031346
21.09821512863508 72.67936027305431
20.460182763797473 71.81845789144987
