22
39.49117012543283 7.164953300763488
87.72879835918965 40.6616398572351
63.98179681446437 40.14639247633674
81.39696370947912 26.509541930107005
20.860256623796893 46.617243298406805
34.19040388789612 2.9363236979893292
5.230212358441355 32.86077813510463
77.4999234635506 66.32884289275438
47.93784911560757 48.41853017150787
31.881353319661944 64.22364357378922
39.459812704807405 67.93497610551086
9.188525973541184 43.20283379525818
91.13328721707326 86.00497334236333
34.18547849757496 14.451040308175756
88.93989153236961 57.68128404357476
58.592264694524076 62.58688925987559
12.518960316992667 49.7549115318015
90.0818783472539 32.220370405720956
17.888103532405143 3.6221140904968974
67.30468521207908 44.59291058528056
18.348065549871407 51.253446457733155
42.68598409171558 58.39899387700234
