29
21.074592873980535 13.60358870716466
31.251014226941678 56.15995510575061
34.65750530913585 50.039355300586884
56.90080628625967 2.3388742585346844
0.5190889091342243 87.0786316581139
7.519798298446611 58.4353370286414
90.7517679831139 67.72858185278366
57.5512259918134 95.61589943717469
61.32000142103649 92.22141379976595
13.860207438982464 83.23116695862717
66.58715363786129 73.39419681228173
51.26934623828018 25.776597531353783
33.924453351211135 31.155368362410652
24.225770882103504 26.64352059361822
55.86606027701274 48.776042092423786
61.305752968710806 88.81045471682705
28.590002541521997 48.39328466651611
47.27547749285894 34.64644351787489
29.813134657302566 73.44418906697902
52.80053037912491 54.24046771319193
98.03954570846324 5.803468342477869
92.76833665693522 61.90294494939915
7.160409761434194 71.14633633091468
31.511277758775847 62.92537724437117
75.87421812102956 77.31678556881614
54.65521820429443 23.287857268064116
68.33259254687415 9.806735508500497
4.534460518443684 91.10247265541216
11.985317800482653 35.070712660212656
