28
88.01265893405544 86.49393662117589
32.15273296931883 37.932891516107034
42.691034315237445 3.563690874457748
48.13265953415119 64.43718226328282
20.01223287670877 79.77592331940284
90.03719232596944 73.08545870662554
55.706726296898964 96.81398742052761
56.93919283261988 83.81315789806256
41.26131463474144 46.72434573922835
45.25517004013131 78.52992353966401
24.20735705073751 50.9116976191487
69.44649227719732 6.72561920807031
46.680636384174576 58.72672111557969
37.80538520329843 62.36518146545485
75.20371134106195 12.11417598279574
24.569906023785204 23.77165582592118
73.38807537983175 54.23449371312107
1.881194093371441 84.63838133614459
65.28886019844606 0.23691436118765674
18.245103436579015 36.278605332621325
38.93930113533776 19.441798138028144
66.69518257784325 99.76253163751953
75.78686674626884 85.63661894485972
53.51737222726838 28.357264833962315
57.17875883733434 50.7936667421258
25.037083983773044 12.396400714840638
50.406396033751875 18.167886674300316
21.826105290971864 3.469063567613828
