26
37.15688834824594 17.318084542471922
72.91830155319086 4.037198326555059
4.353168908905214 90.22298079909842
8.118050586282033 97.97674090455646
5.2711625386495875 90.45618606860668
89.54232036692922 77.25541118217556
20.24725465230064 70.86564676193564
68.8351490409803 76.48242576571656
59.960298983055424 94.14324595501598
23.13409802089963 69.52444409442947
4.798281057510967 74.69115720626974
79.5681334765329 82.33482866582618
55.72788619257074 42.83628710067764
39.485146493960144 39.00543096585959
44.07632190491617 19.30167720665442
17.931746062469855 29.483439516809305
33.090678581490295 75.18137855528713
41.99012464598928 20.530362781896304
82.85047553938541 1.4764674591835059
57.23594389240721 22.91806941053316
94.25024165976147 95.50912534876997
66.22774788610437 6.625198490340489
49.334691491765014 56.292719669158146
40.353971452831836 43.29470351919227
24.57543328625641 57.74361699822902
67.93856667215516 9.999434422497732
