24
66.86582507751 49.20181552908473
33.6130353770906 72.07682777537077
56.6754269047912 69.892469656879
27.73497558925979 92.65191320758747
51.55427138325628 92.4468247029358
90.38678379635599 93.54888199938651
53.8116262836917 44.96234739827983
10.620773709989306 54.991643404471716
56.63077329074093 94.07675246586031
75.55000748082138 27.958039833630433
61.32346916155168 10.262125321886018
28.405575179929 79.59779434857607
8.0461266439254 97.72284543888071
79.36232923134106 92.08899227010671
32.44437996968452 75.18486925445467
76.1111630804009 54.29134296454464
70.81525701664131 78.19777443724217
58.30304799001655 15.310733457025883
33.48687139406318 39.747399367117794
62.105519612693485 38.825284833465446
12.100010550644635 12.276286358026844
50.61785244004703 41.73423405160539
29.887956742499334 35.714128610082774
13.427053199387151 15.60721564475328
