31
87.95420902866937 22.47018382011471
97.41752877481808 19.023919270597155
52.14189215267015 58.056622051585464
32.94733290758403 36.17109810782656
12.975843927808983 63.05269914189093
47.40626370211307 3.438948692157795
23.53301512151433 5.462864188524341
45.39812462118942 0.5153402362536585
51.22812460040937 40.31728732201606
39.01406749868921 13.784524928154674
74.3829795808116 27.019007957536235
95.25982809686587 30.213347469959405
56.27449680110148 23.271273719833264
97.12113654814519 89.48091216505163
74.55908802762764 65.22329502590446
86.13147850854226 64.92710655436673
67.63226767730963 47.32638900345175
3.736151417870448 39.19699484851357
37.10140465833077 61.756297380601865
72.89936186683708 6.760527838437847
63.98995374615861 26.177544653907393
16.89555584085909 67.82930982956137
95.45935617955597 52.54973078304387
63.09524111938608 22.541850931994123
97.46601719745615 67.54156577964652
48.547069083681734 60.44795432834667
5.998853462219145 83.67050729381141
7.984265169241944 53.4598880986352
45.39630702871712 3.9993471309730633
11.501401986385474 62.89279186985019
94.49000775131019 5.112463970987879
