30
46.85283867664123 4.662965783719875
65.47930459981556 52.94346652460488
32.952048951603786 73.4628559512634
60.40802171018833 9.181396470388526
14.441251736562089 68.47289471822118
14.63359283537773 74.39751170397041
4.426286196336626 75.62426228465414
95.44933652550456 39.629953528141456
1.1035007268722752 59.90662042692788
83.57045148269954 98.16642608490776
11.100683090425356 1.030550504178973
97.5543330474086 72.24628956567255
14.898847645073065 94.87050008326436
77.5431030975481 37.22293577006267
76.3102247047033 39.156031394345845
66.63906815765974 3.5024753818462817
86.48617866598578 17.93760517788786
0.09026249817040144 72.96773142884656
98.83290061569686 79.9767890246173
96.25307269635299 37.81244719703886
89.38051319376169 52.595057651490784
35.61139834098348 4.71701570853037
83.9126201143896 15.036672725699374
52.95176162083558 59.70872420381066
58.2065265204817 58.08778104982015
10.837519716478761 4.625480693436302
67.73440508491112 38.86991195054457
15.04115869675996 73.32234673347367
1.1840771703322983 6.136014447948057
57.091078661034445 20.304524989543648
