25
51.24803508468657 10.894331841952098
61.203804576834855 62.42858051379587
50.635284866344044 92.9359105165665
20.489326489613624 43.532068922797784
89.80238928633773 79.91807085743021
0.04795906896704061 90.97552946206397
90.17966654309234 19.888113175036835
74.27908414775504 97.59786240613633
30.27194095144169 74.03473760323863
90.2160408852204 56.821940999555245
13.396234371863514 47.1409725351898
60.669122179973336 30.443620329655563
28.549030162946277 34.9945726362438
19.019926399973574 72.35577788158709
35.702060693290626 98.02996957610948
53.62148855805885 55.626364335324475
18.8877835916202 40.37861160491515
60.42645899116942 39.166149622745486
45.16252998074087 56.39871638272247
11.267486351570788 83.13537399651653
11.45565118449171 85.39389639463624
8.207680404459083 70.48611741545936
90.35672418530221 95.34633706270137
84.21017079974628 51.89281264476146
16.848653391280234 78.6162126793134
