23
16.848127900906206 30.028819101056538
28.645362752438043 48.02627784421931
62.7270953113048 16.179289101697258
90.1077233070063 49.06733380976209
58.44734909627385 45.98223492772047
7.439537968781485 98.70862804391822
7.672124894758792 37.1686016809814
99.52982553022696 3.0299491049043947
20.181192662648307 73.97281124582994
7.551256481707325 85.22888646081344
12.787390929561116 19.531975922529654
63.151020901362585 61.83549363354337
19.724869812993763 4.823453822967149
69.95960836255828 13.965870825376037
61.431332547888736 67.85859645509332
89.04133406976617 91.03187027678196
19.43459593444733 86.07974419547266
63.83769238175253 97.51421902654911
32.54025182648314 76.15200734980725
49.99415144575923 11.410191241638213
83.12525448532249 93.55620199431273
37.50881384367385 37.24907096494867
75.28611296495816 18.660462994563165
