33
2.1537418280190623 82.20312756604605
66.38635419168475 13.37167485692915
96.12934138061857 19.14653109154466
10.470171953149753 66.13762737670447
6.776540817693832 53.053922997877876
76.59978908786582 56.08714694817202
48.311640308147 87.36127653321795
14.666167692886756 73.32815010267815
51.029532653247344 11.268673641543314
37.72885324853298 69.1824789615035
81.503311951754 51.677951413064996
91.54145817416129 20.017933451899673
76.11632217068865 54.68985066565853
9.874526606086798 21.98801778275258
39.18954834635463 40.232948428218386
5.72023708375834 24.646699611989543
96.21664209878506 67.40924347827742
41.51788747006574 17.49691117657778
91.83542516502895 56.63830790126072
62.320653501673476 0.7665883661395978
10.717593879495467 59.68122582824127
47.66168295777151 50.391151883180854
97.85659725012836 22.938722570096292
31.729159332883906 32.84267914756329
65.35723773533523 53.41201874165521
62.0380518921753 20.898296649709525
77.48131102011949 11.530466826804386
86.58685321248181 27.319999649070205
42.47874619875795 42.176524547047336
48.87250840187022 19.956645056150645
48.72521027294341 63.24861942213368
9.736536261487016 87.36751046912599
19.09271573001965 14.060237491319539
