38
85.01189440452863 91.27526049466648
62.11296310436766 24.552217554259613
10.52422449953453 6.125748896698424
44.47982587587692 16.730876438497333
82.33249182024988 54.1612911357079
45.77834480618006 12.906370794225152
34.46700480799294 57.74008611445925
43.50831265970343 49.369917367562564
29.409146560950628 19.838912113345252
22.820356388031172 33.50676986955264
54.65409571673007 55.93805943849991
34.05209602291236 46.97804419311199
93.76140685154975 90.30294885512514
78.95192232737344 21.648534334161816
89.7021273072428 76.90398698234145
10.960669662700129 4.976747484603139
37.11793107694773 5.821532691842668
25.723031010888086 54.36623202050196
88.8236302114106 87.70060051275921
18.253062690629175 43.117139228832194
71.87328672914252 54.977165492541204
9.803246692052415 24.43165763301096
49.44356841658091 4.4572165705242695
32.38796561797264 87.3000964842073
88.23083200791245 15.609056590848668
33.52155407345765 7.1119322155086095
73.09198621335827 26.466951869705845
69.89080747959912 94.84394665731685
10.848910382552813 40.22126436461484
10.449508561374632 63.38894882830357
35.03851902679409 86.94232483236328
44.15640771975151 17.35318553527848
15.07460139757546 14.627609249306783
14.950755613325938 95.98774406877521
51.77218561190684 98.67204617927965
8.1915599834123 25.04280255291298
50.47907987575301 61.9543209190357
72.76272150217376 95.59421503982425
