34
43.1382051131114 37.26338835562657
99.16771462792168 82.37582348204714
36.81836691486361 50.0738687829284
15.38272205372605 75.9329748600054
46.93668896083024 76.2058506863493
89.89535133240287 7.186745295029839
54.07684904851797 2.3786989480300447
26.656955207789235 49.271459062486464
99.6106943628411 79.83988765991687
61.67077612902139 65.06459926625766
92.97902311726837 19.264032940700304
88.54260815325875 54.31837903255515
93.20697714955735 86.75303155853882
37.44645307780409 17.364219934779367
0.720979704724789 27.031196211192942
14.99907918347041 59.82815854821578
59.74446972087267 9.123228552089714
26.85836387709182 0.1636463252825182
81.12986280566459 89.61716104727192
61.013437836288 25.196352654422107
93.42411370942156 42.12568786053197
96.33107535676771 50.43535521364064
1.8148655134248015 45.01749395730603
17.58806886980555 24.54986311138757
43.79353046567675 83.26774416242614
12.129713510617435 7.581477535043158
82.2851228952475 10.071595260185473
30.883722439362604 76.83527676086808
45.33989673617293 33.93172447084055
79.74868079492188 20.885044311884858
70.68134289623124 4.250130571136368
14.413804583353397 64.30619435867995
42.96240849792818 74.41224550249844
27.31283126777949 38.2573286296083
