39
73.7059491766193 4.900672190555044
85.96900821598629 4.217014907220074
45.70721056575688 19.80498936837758
57.12389779978212 99.16267653374796
41.75057853746155 9.592734375096224
4.4445465703913385 6.102268071592764
43.25405958727927 93.21880620143484
85.65394164182364 52.757630352373674
63.14890748137346 15.028544310988634
53.91940981722669 23.046850573410904
79.54475706068848 19.847841275875833
4.583997391818395 57.37772257948477
55.86721759549144 3.823024907593975
5.123085752345402 18.862216472908745
7.461907505833465 89.28275245988144
89.81733645910386 22.067332151260878
81.4516262465214 39.48195801008821
51.92829792072759 92.04567590285056
5.832706667545839 79.14881803933184
6.958621623981909 33.390399416064966
94.54461651128179 58.12886242285048
97.5082627342096 45.87565996134724
46.922461877864166 78.86132922532282
44.82017079064757 76.59074894974806
17.92749195082788 25.726851374997082
1.3462769419563814 83.94697834330353
66.88198854428849 53.987434334416115
21.802409426767845 60.070999167980624
33.306519986599916 90.18752933771685
80.39613052905237 19.07771098905433
58.30667926728101 71.95203370140393
83.15874450355736 32.346973216484486
16.823361083086397 60.075514905302086
14.930865433243689 98.40561502014178
6.753095853927638 80.58621097514134
40.306884816865676 97.38552192801278
16.072543768273007 6.574084107208556
93.53100117074514 56.56560874583917
60.680940122862715 48.95974811509001
