35
63.12131584955563 21.240812889988938
76.82079685445694 10.83505576252427
97.43916516372944 69.4403678232144
87.23853904205438 62.468520194456815
72.49461226046716 46.18214740329143
9.644083502939027 20.60575345727671
69.94968386961095 33.364958519941155
11.847792740905593 11.742351802384388
26.69748578775486 77.26510598632538
37.994284239915885 80.31287914431185
92.76597173348992 77.27932947197974
99.03152495704109 87.98808863005537
87.0301387950958 24.64851145997724
2.9859128938323876 92.36109226266345
50.87442112890498 39.93265232322026
15.62344469575735 22.91413764212645
27.80871231912283 23.80243846158606
71.88424340567812 2.720364535869846
72.61412490452054 6.8818301076342685
78.54396209113496 58.75268340390479
72.96017581742223 68.76244718106341
42.42210789270033 62.337294122941856
91.01762008773431 43.521314246705714
48.151314730756056 15.38443296187607
36.07554824370899 33.197304949346076
87.18597999783073 23.45016593458926
0.5047505558335885 12.644016960055183
18.842395481597375 26.015307092256478
13.762877851334688 83.44945544696192
44.02131168852047 56.71618459343478
55.65116498545656 8.879782278250003
73.47580908040918 59.66004690706851
12.081355222063273 88.93890482235697
92.49720412102947 75.11593272641255
57.212288959108136 79.1136554983245
