41
35.32973778207346 6.8979547342119645
36.04005019885044 56.37220530685138
27.604667388356617 69.42669216105483
42.735994841969024 77.96278400117387
80.55733276541267 48.75479473795388
76.36266080890603 64.89649765904942
46.12094266676701 82.38946947234157
88.08880867255743 24.68165974345228
24.763919808247735 76.933791871156
27.067333368577128 60.07423779981064
83.54388376792961 62.146761387565455
48.40248075571678 93.45713313738841
27.912978676919998 35.175234779847706
7.292795912206385 16.688744797318435
23.13022507837289 57.78175675359213
27.55355930554202 74.95135878687414
25.298520865643916 65.53407660157701
77.1453788789728 38.847437027300266
95.98148230665554 78.21105691657438
60.51319946728254 66.48238835045753
40.430797918339714 52.221079391421874
57.48404938723881 73.52424876961356
2.442274970195557 65.86551687394369
99.18514308346737 70.72547029442796
61.809420203602 38.5649405932142
21.767262840043188 82.49003754492838
73.95670134966188 53.32380259746995
6.973497939905327 58.41685888330854
1.3508406156098607 19.60088505897798
67.51578572815528 81.614338755565
36.77675301608214 29.883109619500093
92.35435604327542 12.626428618999396
52.67423262049326 34.886241584141054
42.83349008582547 67.47335679828579
13.737401532382442 44.362100105436255
72.34234397753873 88.2641427936975
97.01121982735673 46.62075092453837
3.599699670786183 99.65272117249143
55.06251108019078 96.58059943799768
13.70923999252921 11.83007378466936
62.56773423702363 13.40409462486738
