32
35.66753070721622 62.25696946429704
15.208729838135449 59.04007291185519
35.17775907812101 2.4224085439321197
56.47434866498384 72.96017046119697
8.136445719987007 48.406530751602595
61.2396907380186 1.324161900143761
50.965285499410584 57.33015126891304
13.93431797504483 66.9355813460095
24.88172250239431 93.81935290674272
23.05941176809494 21.38031808992643
81.58846328019332 90.9262844567565
54.78443356300213 50.986557170823296
22.017204196458785 33.74534356929557
86.9717395058081 56.11531080140503
56.692284484815346 12.129000401907597
97.84927000625748 28.534678165464666
57.05634102221051 23.601666784106136
60.88846057536672 63.61733266479492
22.921276486194998 64.35783439932815
89.6688707476532 77.0244606443924
90.80475910494096 61.16342348582241
21.432025472347505 5.690355572663874
91.05308180959344 71.71147742739964
0.7595128573686716 31.604907957385397
7.54548922729974 47.11943875605712
26.60510951457018 95.17392988058641
67.90864642411417 45.45629327603275
3.288228807177951 35.28041107009322
18.237292224967263 41.96514613000419
41.60936282326292 45.70263035085702
93.31500115295539 53.77528485446461
25.1822263727947 1.7353602966338033
