37
50.78687300446357 77.94202835264595
45.85959268959962 15.873715821020218
1.1500705152292179 90.70296507670705
47.73725688406139 79.50349188942751
73.172548676454 30.980536150555338
5.614303812889821 41.71945781116835
15.295004028212567 34.407554943695864
81.67374431032 97.02386063846848
53.32595070548775 73.32218425833335
93.71541986329956 50.23348293769377
61.19176231279613 92.96046519799009
45.7415251878987 77.16096478139026
68.0729793705608 93.27643225688352
30.13506819007743 2.861788605746507
46.29310302821257 81.461147583397
36.08531911438949 68.10966796122972
12.840845115929733 5.25722058911856
13.197731891279451 19.856501418817352
36.26317435496982 7.281133130171035
51.08588315304716 2.4423967314649797
66.70121613013914 4.949269989290139
13.753692810124429 57.896322776805675
51.597528719883755 70.66158028324342
85.97325233824205 12.878319274569417
91.91705421037129 92.80628807471442
4.866076700449384 75.85562577711968
31.809713303523267 87.07892032957993
27.828997782731555 85.07092189092118
36.50704297349813 58.22038123423453
87.93880064299256 29.938299148586566
11.370029803203208 36.47015867185155
41.02327859602679 85.33934289985919
28.24430227164646 27.982028987243478
31.935060269476256 50.929709042722
37.303219890119465 88.37415084773971
40.73622024245848 49.252324457608374
98.05232300672957 62.37954397731349
