40
15.43948881194559 89.67603485334514
29.177363645241062 39.907796748914116
74.39267208896213 87.31858141194563
95.67968396401467 26.60924943462174
66.32643363608851 84.56189815914941
83.69627458401078 6.92242024036982
86.00136534903567 91.53634279929426
55.04611994988594 30.119126462412627
28.934783369821826 43.315052065487805
71.39360114735243 0.5551224350131445
62.46804969340878 5.269858279001061
91.90750716620214 2.8132955454246433
39.2118826836311 91.48248118540249
35.865646050947596 28.35201614264039
41.17787392381784 32.02920518554567
7.4749152379600226 74.7059733299432
6.505197658885242 94.86691312096167
70.80068354240697 60.69596119148072
31.05572427613701 51.06071238240727
84.89901038267232 10.689864383119163
14.320922291151062 4.7760825565639875
58.7496151535901 76.96078257101996
56.606431630372754 2.070639464542079
40.874791670540546 20.782922879110387
72.49873254441495 29.742693290329257
35.22773621523007 7.233380853684679
55.85450113278865 50.023017256004124
19.705597553097178 84.60802703961052
96.59601460558747 90.05933531077767
41.02438189763276 79.48737496639586
25.195533656083967 28.960073086700632
20.584293726480418 96.61910309057605
59.53227354029386 44.05856606118631
45.772663037583584 42.42659745844301
78.29259528327486 99.84501338152751
79.99850921825694 37.849651158842256
80.09417690964654 45.909625710724725
76.63394006556949 4.941362000295446
80.33469982924699 58.89963208827839
8.002759880328847 21.39971348402988
