36
68.68949150170046 5.09450435022244
81.00159800945399 16.7435973878306
45.72918213048345 62.57905841286245
7.693851272449049 66.49283106271082
13.091589836833462 43.93199135839262
3.258932878094467 71.47999177564512
38.99924837396072 30.93019387400475
24.727441408636054 87.38166362465822
56.474319982046026 13.622488975848412
99.84776612192185 29.115434731063395
29.42254182831695 57.20286352874869
81.99949884836545 20.4371117915074
2.337406284562993 41.757300208337625
54.47098330262421 17.0311645809726
38.38564052279786 91.75441255793396
90.53316425656246 65.89573956647956
12.338165425483849 28.48889336854463
27.82708352215426 25.033005225829363
93.13498444171161 13.290234531494038
35.310221521301024 11.435945501228828
17.38386454106906 16.494521041987397
72.93105391829396 62.884365460713674
67.11979838542656 6.096881133884491
13.610092333146362 46.290288999970784
23.288116849106522 50.27199886272311
75.9145584508856 86.92050933646912
62.94978543304528 97.63198118483298
90.89045030639825 69.65298132458597
12.617517726281891 42.803243821849776
95.69556659839287 80.97580787637943
23.37186745237947 77.5953285445728
67.48389102540003 52.88174330656968
10.165470336870008 21.8569637962564
96.78288333898853 65.18734573552358
77.78839767523786 49.678661726162346
77.75839720667729 60.23253203103799
