46
79.21359421715468 90.46542965169583
89.3116904283783 83.50619015215575
95.0527892373615 82.8401748252595
73.86594578080526 76.77330168049625
69.97347429638651 1.872809919821694
28.92024482298239 91.92534233291637
80.7409801275245 13.309706952715118
14.391787875732387 54.0664400723919
96.56006476479924 29.54522816181878
93.84605074353985 87.54629122993731
41.51867112938476 12.853253416727428
58.413792516824195 90.85497500182898
75.10828295900197 45.35140787446509
15.680976332093632 10.85991294256894
35.969054650159634 65.07874592134813
53.96840331105077 75.41931398305744
69.46120465476699 88.73336998575463
96.34494488488595 40.45035717039105
35.57551938257604 29.522956078751307
64.02238665470583 47.98865383417413
13.94276273597569 65.40687079823182
99.76675849713007 88.66953269484527
15.250859009508389 2.186036098122479
37.59736144982207 9.364939659251103
58.63755042559959 59.465577049224216
54.28997929120391 11.014824044761573
19.488785712921153 70.80987101094125
96.59580277401865 20.6008709431475
46.38592930042034 0.515567090195268
93.14378347477901 10.307034132742487
99.92175984996506 79.72128159640054
12.764288328951922 65.47561047244498
35.90775393820533 11.504090626971253
25.868409043786812 73.44397676519151
17.269870352119575 44.50970716806809
11.400802467333603 31.880777747743984
46.161821841672705 17.15946234094663
12.68830623142112 40.773522811146194
62.42291947799162 0.8149334800597097
0.9415857948250728 99.5714354691687
17.91390165511223 97.5432806599851
48.06656892573833 74.16850711446716
31.41312919701248 60.96025222557485
97.40239119349134 81.43640921524076
63.92611741801814 78.89658428979658
99.5310530105219 14.60541130134725
