43
57.824586647917755 55.508079627779786
65.57455538453927 18.912998449468045
60.289758953663544 85.43002738634948
98.1936224321039 14.052793181835243
74.68174403052274 55.32791269952115
70.48414335683589 47.63095507976156
34.434793899392204 26.96350832618497
34.575777872118664 56.69732973285607
50.111140478171166 4.758059713666951
1.6667864626159545 73.5480833911082
27.49365354448884 48.66555598651161
79.13686045371226 58.22256164970499
36.86026788122321 48.11405573732925
18.765570721308343 84.6028461922841
77.27946592383856 66.71374565120523
97.84164225065567 46.43490754112726
58.82720719162952 75.80400274801748
82.31148882466951 12.452056914155552
4.444962025637711 86.44031869129533
54.02530133065619 16.711069781722376
0.6629562726545357 51.50089152163473
40.69729125026509 56.402446680014776
13.989914871336406 14.886236276000597
20.031207450949584 68.87806351684812
12.639443880651346 9.097293792314865
71.74665304544996 12.605238363907889
2.5278630701583427 41.30398443168577
92.01270545632921 0.057415251166426096
32.98535833006802 10.42079676755473
60.26255504103961 1.1178162313185025
91.80869202449729 43.97788962408167
75.40931962742603 44.79073023340139
8.094000144535796 44.41646318183845
5.882243411645838 30.088133451667755
7.318573557231645 76.34407369936348
4.445276503968798 85.9080426275907
11.594623793293302 92.45837043170874
52.063676081965625 34.55921387171157
59.261838166387015 65.66275305736234
73.39614368151013 19.19369282196809
16.581331682068512 27.492854088302554
36.5383626990075 48.06951574431688
24.05403846952948 79.52475803008856
