42
41.50929249214875 68.49325940073737
48.68403345896609 43.855118039949545
64.5352772963564 3.549269544102762
34.23373896215449 4.743288121819922
30.914030261201543 35.28470340255213
70.51580466070789 76.553060175436
46.88679184989737 41.41627800960407
60.36544358797586 50.403290739863415
11.310971618753673 31.106096738036815
15.793815806672097 39.95355210532651
2.8636561565502316 87.26238886487205
37.344875935696365 40.30394302596952
9.279085691011534 17.961927129291567
48.54094561869326 27.59013116144553
22.153436688768625 45.196745757547376
66.91893543514954 27.270555288011554
29.7050263264911 3.3476542131082088
92.64056158777666 90.2126077152252
98.0985017056551 63.3717180386782
4.1021435810390745 92.30188269172928
81.30509690855095 10.067504908909397
43.140221536715785 99.71549129124766
29.25458435715781 99.48610156680365
47.51937742225909 84.4314983332703
26.916224699649817 18.504181823212928
35.303924266241395 88.14168057567834
23.402281397335546 5.117754017023457
97.38452651509273 86.95760495037841
45.550397393175714 20.085424789568496
27.275005828920072 83.1023579231299
94.60294384616458 91.63491414404918
82.73796252408049 7.695605341802947
96.47092816297521 3.2906220584778656
61.281598270343984 82.1396419059689
10.449638669557547 8.478800184763235
13.151263616401165 80.70990611497626
94.37267809484105 57.40539890181711
88.24705592470013 28.891875622891828
95.73931787166799 95.74264171266319
21.0954542177044 92.40748599472364
44.68542869426584 58.70285905414997
41.747570928981304 2.631402390729687
