51
53.493887351800886 28.59417351544361
41.64231564982752 93.09390078069487
28.820911092071142 2.464297580962438
95.7883969934914 33.72081517749286
50.1734325201101 22.137494469012942
39.4651056088391 32.42805409219122
79.31158591048674 82.59064126320506
86.32982806422488 44.29571506427712
93.24739121022522 48.32600993873398
23.622716647617793 36.477761659614316
30.748874414582673 84.032584488922
65.34600500251821 43.204801711887875
10.844220704153496 28.64875913768875
46.836943819662146 61.8315287720766
15.346368277595257 55.602287437504216
15.247202640490343 6.975627774258997
62.779135091347484 37.66103980776929
2.772028880055788 8.141862010368628
20.423149392064964 94.26913850442888
29.88049326888269 29.8683839900023
78.08821169917779 13.854516470262446
80.00661604436631 93.66012174836429
66.41618026787584 47.86385390046357
83.69440789825701 22.30108818723623
91.77693765112758 7.356111779997876
19.70475242870855 78.51419561068784
54.1812580960055 60.25029473879647
16.681303967443263 20.635501736931694
21.003524203179968 32.56682982829619
36.187129609809276 20.116050148757157
50.858654035431115 73.77450611870607
27.146814058957492 20.41641831099007
6.481109008225672 47.00701374536457
93.05723512452015 76.76356299986342
48.4760685366576 93.26523435530191
90.4157351616164 23.747153736591454
98.68517732483089 52.7374897940426
38.779440763700315 43.54430157277858
88.39548506020229 7.641785857665873
56.9577096503977 31.39291685312582
16.306316083043015 24.71002636149603
35.347877639880856 76.99964789397222
1.4048917551514495 24.65025890935969
25.498512205979964 42.438633680070836
36.97137719110943 63.60788431764628
31.82299735164672 82.44470219943172
5.275371685632646 85.63605894098617
12.272706985516734 59.128159182580745
0.6608009309272411 38.63679041185135
56.33610746283914 48.64535455402772
70.18062825443941 13.660314404891205
