50
30.037315170133716 26.79465618097865
65.34861868500248 62.280189505142225
46.798314150131695 32.673551908234884
99.7811985084144 63.15952817385525
23.990001500124347 67.3825247452301
99.53138824509519 80.53060795339904
26.453849645674055 16.882542448420768
81.01191841052983 64.6077552697139
28.508147009873408 89.9819273042737
87.06844627571512 44.026701947297056
61.957445635794365 60.65429173254371
83.0780672806273 82.87570819269942
54.445163197787735 69.08534526983819
43.67566887145142 98.91725911620809
14.102936625841433 74.8854796815907
45.64638329332844 12.55661012441136
1.657127529505087 19.247983283364945
69.0693222851952 72.94018955513553
13.337944201061525 14.065877297885866
71.95815836519648 3.6022342556724762
85.77484878553217 23.23178222301342
18.46292721677806 16.872852942051242
44.04061169576522 70.82269539003829
0.9504123974596435 49.15701503348653
11.260228494394852 96.20292503415143
3.585442896790514 65.41788010636614
23.433156892365147 65.2017723637898
37.203720333817934 86.98704655584068
73.46410977133988 56.366572423156455
13.737524135420664 61.00267085996064
96.94555236956997 58.056007885760074
93.62166806831503 51.37451188612593
17.71587589787852 66.04468276680568
4.421654039657918 24.827419484984638
13.900071830418948 66.94731480966895
10.602956166300991 80.27209030366976
16.364724642086625 90.4336225478595
26.933650407824082 60.55591561999179
72.16284031365434 22.307074298893824
8.748814343811805 1.6835532264693365
84.39287556922875 23.158226785953673
0.4629262008347568 24.632813958285503
33.830798505811345 84.58268915828215
70.98352465284806 29.237190384732347
21.464896130389054 55.04525661066305
20.106337620158786 57.542870331856875
94.19086792450793 19.52387052498309
25.513380376926918 54.217274115733446
24.5524558363007 11.788000526260301
67.48120521113383 69.1319491005507
