49
20.79016286795401 91.60191605903142
88.51586241845563 31.97638566646085
45.15722189232506 8.461635852544413
58.15164907843623 94.64506473377797
93.31861853720034 75.81795830381746
76.29218084342502 27.40727370897098
76.33828585626848 66.00819880296987
61.20464570911035 15.78825291220538
47.20165611338041 96.8455154231893
6.316141683182308 2.5071138061439346
57.41217502650945 62.75349558183573
22.60484836759452 76.15716117790889
72.52988478690226 32.98152020929418
3.216422683110276 16.69848529884642
21.411191474166024 19.52493358878523
85.33535705647557 82.28059104301036
63.932593062720755 79.63265880002452
19.7370700988889 57.28481413804848
6.377746854776101 81.49588829526786
14.249245175840441 64.72793263364606
51.48203065135824 7.778632121996109
50.71203555771498 81.02627919162886
75.97974216428908 27.119667338066613
60.49629912988733 1.614456836203293
43.32522963036058 48.25327358056369
68.69474742901478 48.592971979196186
77.99036546849857 53.80176198149997
99.56500755267348 23.79829658183077
99.98736599557705 31.179512168185518
78.04883165287076 82.7517226208658
23.303963136424954 11.292746754315086
74.04290018842387 27.039108363183605
9.139501708239962 95.1938243297861
94.51938573575958 55.389975416596535
7.621187543796648 98.6841790377309
46.53124585871179 29.705153605140133
14.24345607792452 84.06439356682857
17.159409057197283 78.02431065436615
82.31309213624186 81.82038599310296
18.98980549565279 18.09955060757301
25.288675534404014 17.134707665968683
39.59473369848686 18.4171153283346
40.780436726048094 59.59307274542368
3.800444972685757 18.74006094389874
91.13450959950818 5.626247275203289
81.5232636133293 69.00268642028026
49.71501805539715 10.19848261554821
35.54794526169845 14.383171450964994
27.806835073331815 23.778856143369964
