44
23.951319451760046 42.17966007451736
57.791157110814105 39.78565529377782
66.40325229165748 2.955048763607726
38.41686637788464 39.31530949848582
94.62028699074156 12.34454627413002
47.22453357116094 66.70683773266173
57.24510930520591 23.45897969321278
82.22010312770365 10.732068203325507
20.796539643954404 85.74048414184517
78.86198140963707 76.2026210768991
0.6820722678504088 75.8304690059394
10.654891674414667 80.51682221970799
48.63881718652075 93.03657176566709
14.761941953106906 35.50768604343874
57.381018628655845 28.72520713794834
20.47060695031835 80.90264212863173
9.118685790198144 50.82730419096608
32.844178826990266 70.57966435895109
23.554035672293573 16.531861304474084
34.5118277514084 54.14515739956225
71.17912965667718 20.781720204334587
56.84632945053367 81.56948860235327
54.13073136729536 46.761127549804414
42.28259502728942 11.037291094746116
21.215136815720925 86.00724847119288
11.645629298667103 71.53072635252087
11.381152015830597 23.12421920073131
0.289974023723083 2.7486073239024633
21.595531987294457 57.48561750438861
47.761222571690794 30.242259974207087
20.05948970790503 38.6002140841446
16.589958890692934 37.337239898160036
45.64897783428471 21.195853055952874
7.6062110265123 81.40771904201571
49.78780294775831 49.49825711549853
78.42242945486886 77.31722088814084
7.6201362438836355 66.73603566676941
86.60675950878093 31.05256115024607
94.30283985566093 10.567207897315779
5.690053100361203 26.62844493371447
90.51537186958112 30.133699401382874
27.49452389871595 31.430330901065993
85.11189307348361 42.53649366144147
87.17281395396603 97.63937952949097
