45
73.72443160340217 1.8454165503727582
96.05174408039774 58.17720035013237
55.8314016629084 34.67306896688689
39.1715094425651 47.31352665579733
10.556133878169705 74.18866636449253
84.86158603293678 65.43820270936142
15.406498783311084 86.33577566663111
13.266208961788994 44.842267963069915
94.96797602822342 64.77334342743951
59.54685349847556 81.82340821054153
32.49673904257689 1.9380969610121146
76.59337871491299 60.827369836066524
77.81901740523553 21.277930949288226
99.21340377358582 19.857073485626962
68.31686978904415 55.074913000357895
35.68144526766939 58.560495334438244
57.15503462504849 83.51983737851589
20.544058691642107 53.83149857661419
8.371234049078623 76.58566609690386
15.68730562425058 34.422740383241226
52.404095564739386 83.63520955658004
26.15525783850199 52.89539416836813
4.358210557359376 81.23975907278842
26.033184566292366 68.83825270013581
33.890926292267466 74.74247928944457
87.45972458503888 32.28635203405241
84.03444908949199 76.43947607478599
56.319042514827345 47.97952288437567
19.575046925123228 22.345490806167344
17.409187103940383 66.08957641547929
19.55253137465779 44.704928258962326
40.12065478663431 53.3101875202584
16.940647392568952 62.468554672115715
76.49503601609119 23.56815869665877
30.066658844517114 96.01680774079541
18.219127123693156 58.02213806821328
75.80185580828484 22.08938518538036
99.76455974091934 18.447007645639633
41.21588520493334 85.51216539691444
33.442980028261324 78.83499007357403
43.309085418217244 4.4514443329415005
3.1176496607903115 75.60630776754135
53.121436819418335 93.43748658828
13.212280084524897 54.480659021917134
84.10068262154503 52.40255406646386
