48
40.788753426519996 34.02000728113127
98.76675682160212 49.58674564444334
1.1739672695629144 35.92181354698379
86.25030913075233 41.18020147107361
18.006019395047634 34.08893614036602
56.00076918528444 28.735370306272756
5.020144972286877 85.8669365951293
19.14638294547001 99.6379892970038
20.186057704063288 89.05731526197158
26.887243555306927 2.13857592139427
18.40446125687951 83.0704875723346
94.61467732537831 78.06743249512674
36.09834234586658 79.66207309423949
61.473628773827805 81.8352195519689
69.86532454282495 3.606312797096689
55.44029219398473 72.88007615172567
89.64762060230848 50.27925601683161
61.426952564044214 70.42058035595493
4.429904501372539 69.66553923257932
95.79959335461679 23.136417707030365
32.41572033120681 98.59742781713813
64.90353959067743 29.75333989481038
13.641569946477683 94.21864464819018
9.99623299259661 1.3473542437656305
64.56499968137274 26.810863145900665
42.582528200276485 32.12634991551718
65.61484563155793 54.101607873131655
21.95256289886258 37.46503519431761
9.096095959724348 13.398938322860143
24.434632174968495 11.650908339347621
91.7554315014872 38.365863942517585
82.73123874854554 98.86825134069817
42.04318136563053 82.8498027166955
82.88642240293098 91.27358428852604
66.41854912715134 9.67852407863845
63.19074130096875 47.728182304406
24.225137536635067 74.97797015670844
61.09771736596517 51.75695915702683
40.56134351577442 34.53260269693801
26.899860771022354 81.3410007384052
81.02249880740196 71.70637420961083
72.1169324566063 38.66483458260348
47.537646085982885 91.0880795186437
4.942807973426322 91.89329869748425
45.57767160473725 27.072745161772648
95.44559061304831 44.13511851639809
24.87691271425585 69.85882142692955
61.216199815613535 19.33692817942072
