47
39.56494703555548 96.79005264235984
40.52923331620191 65.43929574929571
56.37103098183669 14.069606500117281
67.01560613057616 88.1731507236922
24.523314406338248 59.2494885436087
26.393000155944122 69.85896155258732
52.39651503719044 79.99351800426344
87.93860651272539 87.04971575820589
32.45286342281434 64.41048467979763
4.548535559070988 50.20583486038043
67.28927075802498 94.39794572288845
46.51359297619129 97.77045757278557
95.7023034953732 13.958876877993164
54.08104567500299 49.751274623664564
61.26886844947818 62.873308207136304
53.592611635253206 19.28770116770121
59.80509219980178 54.38218602423275
49.356983938676834 74.40525574014434
52.73494890911691 50.56473638708009
0.7374608625419388 29.99597414401427
57.21302054283714 48.80194743443119
15.32020669173778 40.498016735483034
22.683279452329497 55.394944073160346
58.20945365460049 67.55454267390371
33.59843749049405 20.899655541391837
43.12584459307597 43.762619138202496
62.4584853233772 62.92264826210755
56.554774694421596 68.60668935659875
9.905662181052765 41.713935255496104
61.24003082412989 72.38438571526098
74.83487478666646 49.94484634155373
96.13014253033401 20.869126048246798
61.04439581597949 42.056906558636385
62.63549458395615 35.19812006390599
86.20350059246546 34.45497959194809
84.31252678341417 13.679095277841268
7.163792839475747 87.97316655128566
68.25096940038843 59.68790262073501
55.50745106261095 11.943407444999876
95.77675090334652 81.27406026278568
12.833506076021584 52.20911785746897
51.72461829052669 96.4378168232423
56.2125685608864 44.75007724017035
89.45904809537782 66.25600285886465
71.75976532141782 9.5364412476302
64.92175420901022 60.1848753907366
58.60789292846502 55.691600735864554
