61
39.584206947750154 37.48545357208051
67.48928705649014 11.984136039864657
27.8339188775132 70.03191592875143
12.00269390176344 24.809257415309727
96.14918791645567 84.03889142950717
25.289467129222288 47.3054707600506
89.4137724182459 90.25287514580256
3.91916657838014 81.92674802740171
89.42214584529621 10.681546238640882
12.661228275817804 91.7889544954715
49.53979482300356 80.58018467088793
69.72794290751781 34.1733452601032
83.47113731653222 35.15304297944964
48.08473554255662 86.77836054580109
4.351791852411358 7.233362245344754
8.48137052210669 56.60227085854469
58.30498322639228 27.13046880261567
25.97001076456126 83.47669105421708
72.06695242524425 2.5289122249921747
35.903334326523066 53.80990467658171
27.780816176365608 4.245419991823085
87.23132584893582 98.39311517192411
57.1951156271557 99.24883096913952
58.37477165246534 23.57093100192891
25.58349847472414 84.24280796792685
47.570964776278835 91.90993438723564
40.932409883561064 93.89012542645922
9.188431475958769 91.61463872175865
37.76099736929473 46.155012577684154
46.22257022285861 1.5484210019131917
96.89209291708039 81.72044311483363
99.69195084265621 23.86695953264909
42.964624441607924 92.55602748337267
36.84162511328214 60.885181050107796
29.505469682275752 97.22742325592748
76.65040328129169 32.32597199105136
12.157780593134571 43.678138577429536
6.613498465835843 20.966838019384593
89.40116558662785 96.06180337862254
70.86541779476222 58.718363613117276
67.35132561187484 51.49838576388572
77.05568618670117 78.83449717213611
52.78193989864381 56.29323564053135
69.62914345407873 96.91498390246703
53.93372895020576 84.5914244488547
60.52691509501585 20.496032474948322
32.0610591218109 33.60948395022072
80.15717142124112 33.517277812272454
15.985750120558928 0.20748918471164002
89.61370915871149 16.451881365715927
15.590936592875304 95.31561742444991
37.251711780580784 45.89032493425578
68.26500735780472 71.27375365022417
79.6390779547066 26.780038610117096
38.4127362385685 40.07677226256605
99.0866746750878 39.11469069226339
15.674757372269232 21.41414498730031
79.47497374721098 3.6855386727072337
1.4933599187881508 1.1916585744506158
63.094309300629305 50.67672559275553
97.08541005815368 64.15071753714412
