55
45.209679569049335 75.06926286136965
95.75091094544894 66.44518106675059
27.231196271990797 92.51357827283162
4.446882613374292 47.12316185248362
62.34011017558058 7.433242574320165
81.91082969150594 57.10353517055192
45.433704772737634 54.623651808527555
16.263174832201376 2.224426487585751
92.89775026751222 20.123454155512977
37.020480115776365 94.825620316479
10.932034069639752 9.42831124007899
83.71982205296798 70.7546816465554
45.9677436293702 45.28862033339165
8.880769270189838 62.3524306239561
8.246502714075577 7.324116926695323
96.18519343706616 61.853088570861814
2.635329248941354 55.87469435082566
46.09167070771998 35.58503595784117
22.908074185425743 39.09662734783069
56.69674564894416 65.72758107137612
6.268930909827175 2.6901331456457345
86.07394721616507 88.06570878223027
45.22096689211151 80.63956719167643
98.54779538898765 55.18993991430627
11.554333430792186 64.63559196109
73.89561855084483 47.54734139839042
3.604936392736069 39.19986278354517
70.35567384217167 81.89444343339733
69.29220478928167 57.88355008758781
45.63236371173996 84.96030417303757
27.077395548941464 52.89344067718512
62.825916432099746 65.37017544686262
94.26324316231877 75.3284846562226
48.38700694850755 66.6894023350952
68.94488601577751 13.88331149013553
61.196121703878916 50.624269083803156
64.60995460307798 49.4337949457944
18.428169945016435 23.66054525559743
10.029615819683514 49.853964817862106
30.815069346756975 87.15103134618325
31.74557991232838 52.846446325595785
42.17560224915887 84.68090835149816
75.03313375616627 95.54277641835905
11.709057282348134 1.9512498323499772
93.32013597919362 96.89909691918159
16.290260757817187 47.06913856819788
3.0081397980347147 85.81364823923285
29.94529840057163 21.38528051626467
16.448458359580933 37.758686593199045
75.13467403595888 23.24870235516483
1.6591616996160408 87.41225741956747
20.768128210424585 87.30079059757507
83.25342510084775 38.599214487455825
35.12614356098117 95.03091061262775
82.4146540264869 79.89614327676189
