59
56.098949958371236 2.8639393767675547
21.987704007117713 53.558251077728855
50.959512969623965 73.87796942932845
54.40531134061367 9.187759608089308
5.231906065647218 65.63161308547714
63.324491706645546 81.09234715375528
57.50454077073401 22.606321320689236
26.850785512471088 39.99703420514032
81.8663218004403 8.435748462817328
44.48839156744228 17.94051853644976
23.07823774296639 10.141345087518372
92.86317087324441 25.512480109365388
38.58801543339704 98.11367690369119
75.26749667063567 77.78808896046773
83.50530244992595 28.822443992594327
54.43024155728733 69.04830391782588
99.11583916438246 43.17531593727646
13.206454257767241 42.98865799310679
82.72913999815084 95.57999999130692
57.15511834311624 62.84798625923243
57.36997766498758 15.992644785342126
53.076972511169885 9.169258454116214
90.3747912529523 12.023780717233269
73.26885340757305 36.113590895160094
22.657995570678537 57.39345940493399
79.3527537908408 80.89236530774436
14.278518781009863 18.876193584627043
32.88752021582142 9.375165227972726
75.96952118928981 29.961339853255133
72.28964729096049 52.46135928380311
7.7119648540536545 87.68221846110364
13.264550660896635 52.415097765415595
12.598160779340528 83.46293141673956
33.41643695856315 87.49324117353959
75.71192790948675 48.0660065418178
31.944171282248746 2.1889813446156148
87.97525149906863 91.46111153252917
64.7877105274154 34.12368396629958
56.71633503976427 21.93020223593132
63.36455969593601 48.53692368053339
28.61167803004362 60.47143916162803
82.5820178481485 91.54810323788452
32.74292998174171 53.55957108378453
41.675020128015724 68.39228319142552
55.25676208765974 80.04324430479765
74.3666567010859 81.26996343547623
2.5092910690123094 2.939666258801499
15.62894272252553 63.10040874517148
82.54473055644141 39.64151607279467
85.81341264913891 74.39781885778488
51.547393567371216 68.57490861848774
33.177636607440164 86.18873488892285
9.930097820340922 34.93562819228975
26.583852544783937 88.69986665623398
86.90402883566512 29.67476915800522
13.403549081196553 40.177389396420985
84.17872210711242 37.73764655501524
15.081782848929247 44.12231992023637
23.48525352386288 79.0362274217067
