52
49.311490650999964 22.722564052199623
77.18749112005263 74.96579918741264
13.408903286410645 63.032205155608125
58.67995544581323 94.39527122060356
70.11504018104671 10.496988129950669
30.55740769059383 35.134446383018684
28.596849007206004 16.173882577550525
34.33912587126633 55.64258026502059
42.23654931699815 84.36195464016781
98.45120626228068 89.86896533367285
80.96573161657074 40.540585245682635
42.06300063158349 14.080088243889389
49.481410407634826 79.38743900513646
5.988661384507288 42.62807799010739
69.03251243948748 28.306922348612005
19.848134929107708 56.37255764439069
60.959153040161986 30.131238919419324
58.54493060931989 30.13752613573906
65.08951679752948 80.3497316863646
55.10757416309333 87.73421039425743
80.99770913774684 34.18509886778703
2.8334608560591557 94.84424614925018
75.51280026784882 78.62131822322348
8.928812361276318 90.87332647986054
92.42895638020805 55.41117441447285
16.176868677959334 33.87646619211224
93.97417032082596 17.101296526164422
92.59274251375803 7.13345872259058
85.08610692341072 73.0920619487668
15.389890967293562 32.38081659614236
39.83914415619927 27.920558164908414
10.663304025636467 11.024247889005634
47.95219666962264 85.62783548190615
17.390359403685363 75.40639737608899
96.44199836439333 51.30220857234229
93.77486355433527 97.74861532516108
93.82172730881587 95.4539971559792
34.355900514378924 93.58867425109258
61.764819114705226 18.016177233886012
91.78948301005356 28.126098543003796
51.289997575989744 41.50580622966271
44.62484510373549 36.73412244518111
11.169503534625402 48.22955253031478
51.846212439077235 78.26744350999088
49.55465951277473 48.63073572014825
42.4581991735627 7.830199069821619
67.39715588400553 31.252761554274834
25.44606058888178 17.458866203765567
0.1260722436362216 14.900704209901505
60.780185924766485 35.24178738893033
76.02119912916602 88.99968802778656
61.904968363736245 29.11433974437744
