57
34.582980909897096 6.637320618249154
4.7016087290330795 12.083695135112604
68.09943700258752 6.820171746910386
51.424304598920614 39.033124659485566
64.89470203516721 83.79873057677236
17.040870466303527 10.880383459968268
16.16861542566942 77.33845939413399
69.22561099199869 66.51988513034848
83.31890337886841 17.92490453453016
55.685413727356114 57.61567115297821
21.173783443554907 18.540118215436607
55.19411395214691 19.272511774684588
39.679901341045884 17.503880648031476
87.90147987995871 62.27987150470313
87.88997790920573 65.22863684238807
23.604447396117855 12.618603932423722
55.01110418821151 37.470133826778365
79.1225011439844 1.4306614441686238
60.371667199902625 1.7794432567305174
2.6712240646597163 37.634378513508935
75.6739523294056 37.17174881757514
93.25340601059914 96.7002603186106
3.985983329905396 1.7233194165487964
51.158183567693385 10.987368275080945
34.17683490130642 92.69813165626243
65.66193993009756 30.40357211068666
79.23044218792687 34.322629008056595
56.01173710411411 53.705108988843364
34.12394080951231 58.29392272545295
57.418433939873935 73.06860259934771
68.21058327894278 75.33713910159567
75.13803184268295 45.05362150066505
93.75801867031134 16.37427077055914
34.20734546408999 34.17290379980638
2.659945729828883 86.23487345484595
75.44726537153703 60.186981816758504
14.756904651832725 2.3357884232123594
5.467648276622916 40.23019838398086
10.217283942121291 55.95030213916608
70.42517613595082 33.67394971817694
63.47632667316777 12.844045216900401
75.41273748807957 30.893476210592898
49.869868881451005 92.6223899707854
61.18485248243992 90.40635497865405
1.866484291929471 57.1166487596213
39.26756157207733 61.91506844373402
20.54331115262241 63.41416586815332
47.1719432269127 7.641538174618823
14.447153636804554 50.81568617448775
64.93817371674437 46.794389237773714
8.492415230060491 44.57602576522596
57.50199984845589 68.87579095606698
68.94687712077202 14.867473656154084
37.234877908619055 71.75739997711452
14.024060734737265 9.794859484464846
80.88636187213537 2.020818821349857
9.008448740486019 36.9412866265992
