60
45.582100710425145 44.680947093439286
87.46771315129214 48.9166819025947
69.09052725714454 92.44259650603118
19.185128675609363 58.20783634949813
4.52499777505685 14.585623582701036
16.123042016778466 9.72930525477933
73.78221872695673 51.60045384174856
81.15255104264168 67.85118227156225
55.420863359163754 2.9475415928151505
17.787488471925716 52.42569030163424
68.94989312151972 68.9827213841412
81.65429415836702 71.20416034185419
31.960131777741463 85.44559260070763
77.17102691415228 7.978852865773378
32.76047444537424 16.186824083495242
42.77668532918345 84.74471206552215
72.26825124319394 18.523174442687008
95.52054778523019 38.72194534516545
27.280765540411455 7.023426001512966
76.49905792855537 90.15672494985584
54.75879065080521 11.249207357211532
20.835471468241085 62.01885586551794
24.276945609328315 15.268106049289909
58.595645161319865 45.0227468206296
59.81212624328055 83.0490491013461
26.60700803307333 84.20864027013157
62.22870159636855 37.08606921404255
90.45373861938295 1.0938329210633202
27.88525731171603 53.36838713783037
22.012278158121067 21.971970982848767
38.47970415196599 3.376607087398187
56.53221758335468 28.36428228194071
75.52264276306204 89.59460715034653
49.258846902094824 97.55275027903409
34.425392406153456 49.53622003287664
47.330150671654735 8.476074610868945
4.053286388428923 82.01261400831463
56.2164594436244 56.52469156937697
66.38554167099751 6.916037797167962
87.53083684002175 45.06078827526787
94.57941381583463 52.98999126626322
41.869708092131155 54.05535436745078
67.94408729284167 7.9034515776911345
34.39138133717392 17.6673308707038
2.0449683467522295 42.35783497589332
1.3927609570085875 86.10311305160626
66.54120598008143 61.035556496368315
66.09321844810991 4.298246572399044
99.6636630595721 29.05785003431123
58.701775603167874 87.83744572251655
2.3525216459334364 2.0395802749608394
85.58110866777785 54.25831487089797
12.489384859344598 97.98202612830478
66.22601175669357 29.279389161910206
89.7078074789255 51.268950991166804
72.33236937280564 14.127555492692434
61.613622061929206 59.49143879935362
85.27547038564275 8.545076707868137
75.57879459046136 13.642888629268136
7.909645271991916 46.39439297218687
