54
13.818894589983866 66.96369382117493
25.770912397482736 46.55640567436253
3.2383755436518613 14.191625219352899
48.50365662824635 44.283312169266495
18.40826331273663 35.430080381578065
53.20679063742526 41.977325305217995
90.86079750185118 8.469906507841484
32.175248087204636 22.537601709357634
70.48580932009394 52.88069450578274
4.167533903347708 62.28621028699584
45.27728105873822 1.7394679751305597
58.3453098748417 97.67722151245528
61.442979302878534 45.76064023440455
5.905854915079178 33.36135311421741
17.23169117185589 7.388642402200151
46.124710532813914 54.020664621075994
46.85737936811012 96.01795151584474
58.613382441509835 12.076050078537538
70.79344229286583 81.08301380833267
49.209862998253975 35.68008992379465
43.72831046657385 2.9269693179656775
40.906773753058836 28.08449617987554
49.58319483968855 85.22959837351522
60.78453677261385 87.71899018813963
3.7488337471421107 30.360579290747847
94.17341111309844 5.3169836306393385
52.103008553729936 17.169775598185343
37.357276798712626 93.50594670483817
52.64411705305619 21.69592253423459
55.625612656790665 15.182494385269507
16.73248466576769 26.68071401705676
19.20309414398481 47.85249952459112
38.671518241421644 92.39497408487205
30.114376887467632 47.92727519996698
10.953167582071167 37.56489490162227
33.83255083657929 23.68100676332141
28.03799134217506 80.98793919402549
64.7232346954843 45.39701934474708
44.433834195565424 32.33002769681747
96.68006311515322 15.080616947993143
56.283785171397064 3.594501114169679
89.90763378019884 93.56200069789907
18.21552527538417 74.36931472658365
24.220952882536018 74.92817754249484
71.31348570658997 48.30958341911924
53.608005287722925 28.37174852541692
9.845287053393792 62.97141547630275
64.76232326493182 91.15828449868147
49.82578388312514 42.27676119558986
72.54795961817099 38.490501117421076
75.9944851392049 59.0090328368632
39.97936644490423 61.967080935658835
3.8630680386278704 55.22876172063961
13.630150638331706 88.50116114714305
