53
94.46134707224965 2.195667358435349
40.16300827523711 91.35484650086246
95.01975028222506 83.30885362743267
83.66490351116896 40.12455825116228
22.782841020460253 29.586197164579954
74.19931936645793 11.65152306192666
46.93447022799978 80.26653569578224
33.535584192284304 35.94619250047929
86.41209335438553 27.875456361297513
43.30494771887325 31.64968005361658
65.15853945746392 4.713487507374192
50.6449492687972 57.54499153333605
93.01313796540323 86.76389098258797
60.34674797583529 9.757527980835556
90.44189738902689 16.04241622475505
26.71661471597544 41.36321436568361
8.44312935376924 13.265701348039372
51.589510157764686 65.0131533644022
2.4274956786858426 22.768420795192846
41.87673343536118 6.69494434978014
37.511365530302456 54.23895317374865
70.05100946802565 49.324190928829836
65.05083757634176 34.37170649685951
32.467801013896235 64.07029592800875
93.42060024848303 22.717380892295246
61.24871875664427 90.12337961628035
57.54025701242571 78.5636126112153
14.090025751160484 56.33614074169163
27.248270388108086 2.4167680095486754
72.94851859522294 55.44679166429096
51.06878057730329 9.595330569161952
9.109572201270833 42.4529195913474
40.949921866120896 67.58708379329454
52.17536064687184 98.17879355467967
53.453563306625554 94.79468279722175
43.00365072690406 75.74465073085538
95.8490903411253 42.58381831029503
16.974226567006557 61.5153955577224
25.985458553896457 27.49031914920721
55.8553727374429 38.695793035852674
14.800825046751488 9.935991352928609
7.892319987374952 12.927684070922862
32.41209452607041 84.2181907427565
9.061355269908356 10.832295368136391
85.41449219033593 12.867989236516909
4.429412629733553 21.355603976650706
11.074902534898158 11.298254381025586
47.90725516412214 83.57421607634114
10.533420474913392 62.47910424267641
61.05225964623163 6.035462527401403
29.636459289552995 55.1575347533978
63.15270082967817 34.68387761505911
74.34032127811176 55.32536121470202
