58
36.93674021124763 62.217080078074936
17.26975444662161 44.47787844021263
30.037802130496914 1.7971413757015164
88.1029471323604 44.89131759532587
32.44311968355787 30.107202955736877
69.4462672901646 21.4068759140038
82.86175767645206 21.36328724693124
39.303339784815385 69.89822778206438
39.123131431358104 61.157921719065946
70.19343541614167 94.97918847036989
60.17543694559955 37.25048222590498
59.46206450813691 44.604217742171116
63.793388078088455 76.39353954072928
22.827677135525594 48.841672262353384
54.61430759231841 78.49596984156773
71.86104734988872 19.047390141618326
98.6733432665397 35.29559209930694
61.5871898430326 88.39857538806194
89.72188566831953 43.67920382062768
69.94866208500127 14.413394586769313
41.73979153320752 0.9722806025617703
73.02522204481913 58.148449252455094
75.18041818250755 24.051124456463878
49.48465468862566 61.07472019896728
91.9899987579162 47.733660783166144
38.15163738677448 55.009913990318935
71.76059117190825 64.67082332307193
49.584877964582994 32.29244566363294
55.827693525368836 40.21457646457508
2.932213022358887 43.771142818495704
6.122366482380903 95.28247732229443
23.734031993158155 81.12398151775983
44.89698236792705 66.90252063691727
56.36158635338357 44.22974465988895
19.80381584438804 3.6797400164271132
34.51124177964944 84.73896775770436
94.55560276841459 93.11099905670824
47.913391462031164 23.55152521267292
3.971865759907889 52.98638161869459
4.025780979003002 46.99970160422669
66.12708790597989 76.15812027889224
66.08575083391366 61.04102590205967
33.113357791569776 67.80415693276176
77.33021559549223 11.25053645796349
8.952995641835937 9.263673808357876
25.541553256469797 63.75818923202126
82.0708061032315 1.3532755952594844
64.39465865530518 59.88361701731088
58.35733666860489 29.67804710824361
40.469409133295095 3.4810800236812045
76.3530746106363 3.0928123762646864
22.178515488086138 1.3357098500378473
28.24755612868112 39.32397793684692
72.48709063110296 58.60222015503466
82.85876914070921 8.056180726483596
17.22534185648118 1.5578894652612862
20.08981709248362 91.34311838441285
10.172327740360732 98.97259789702662
