56
61.77599562216024 43.91840974183976
20.056645339349654 72.22827714739613
42.425209009655816 69.29993380075719
20.655283293957215 77.1352322491612
31.655439329882228 64.467137257236
68.5378187849361 85.00985171169144
67.97428012360623 26.653807827373655
39.09008487540354 10.75249725399605
48.781676362990176 25.12255778144894
35.76446398890909 63.460964230370585
97.1849823548329 89.97261110725458
17.451755633606435 94.15248208594805
17.535001523462256 86.9340213602909
64.8161665370401 3.4152939763114842
76.78634838229375 80.81939527349894
20.77083678530528 11.798563063037182
76.5393898459805 41.128091808863545
84.97172865809782 18.517857779468184
34.01198108950976 43.31892460502844
41.72015248020625 81.38581265990837
63.82916347107438 71.8890487242859
26.753299155107825 44.25634607600608
95.5784441269159 35.10628805202586
29.93487591425109 42.517860604478976
13.34112952526515 33.63232821401516
67.40127911527995 66.01729466325898
1.178071944074277 79.93070125051452
56.13554672863139 80.39188516403904
22.9950265164636 17.143776310866667
43.62039199958234 74.36948562204732
27.82957433386606 32.1261651355102
96.22676506640363 21.814823308290332
14.73689710821552 70.74989228618432
82.07884887726709 13.801917412037412
68.79530683788354 10.162564331810609
58.72350387702498 51.95918140408355
69.66267194753847 28.922478920872962
19.240173056684927 91.2028522409414
84.11929829141403 10.015501293304485
10.138880404517703 46.91345182454108
73.07286241016233 45.4539958013296
2.9837707737387476 13.531137638260892
3.2930744411943547 53.769124090578046
97.14039249650236 0.25139838499854683
56.48528988527237 50.25494453808433
46.14557474428117 2.474830211202239
2.885023175079182 9.161509841381687
56.282671887630976 74.99524206625291
39.42872510999745 43.93492349069423
38.95291250305918 33.62781496854211
53.52672049562348 45.23747651233153
43.49419029498765 36.44437301515213
26.482048712711148 55.71421326904078
91.05825163263054 76.43513731770614
35.84747930083944 97.37022869512639
71.20723685336691 17.869410074788572
