66
58.62679018595421 21.769110903843735
68.0859874409256 75.15716425551659
77.59894111959963 87.93364000217656
53.10807639845208 84.90670277345161
58.88808082001897 76.65872712119452
40.94686733485694 52.83278030799069
65.60660215767341 63.11284865605774
99.70662321786745 53.6849235318095
25.557889396378542 21.746755892402536
89.45188404060647 48.64915360812202
34.77485864646634 75.12498301944758
54.870521165399865 26.852709057573133
77.71005245545226 99.6028566766608
32.78775848623159 96.36767979534294
92.43246630186098 89.84403074054333
48.630581470044234 17.0173755306961
8.396923081014151 64.26266647168246
11.659095660616725 66.13068488012892
1.9900740538739026 22.374283925075055
75.24574740477917 96.4141363713493
85.45014813715957 12.31629608551562
50.227780524751786 79.85081655407427
95.61353591328002 59.51892316903853
64.80200519112083 67.24543118985044
84.31825247232551 74.78133455560241
62.2594276302353 84.18064536967911
41.747322069804824 99.94384889812599
41.999050361268765 2.25700607290511
77.16132590078628 57.488679226302864
91.77851015991013 53.59010499530296
41.984683783204034 52.45359968520562
96.04063353003434 45.87581376998915
34.00933244749612 64.52305678250788
15.938788252328063 51.863167680164835
52.36052154409144 97.77583378320193
95.58481372512603 37.25240927334747
66.61536856934035 80.94304194832513
74.13732476194114 95.79677402704759
38.862267080263 1.962862760866435
37.38258781206976 56.62069911272917
87.01011280564288 89.4161949056709
7.123600096700611 57.768829241137865
6.110844944880133 77.48759479782512
4.979229970469278 20.065924698692772
92.29986482626644 23.5903370093574
17.347848844836044 93.8126294140905
93.05029544672821 18.1838632000485
25.737633431517104 37.910869992577965
77.76255963032241 33.14018145187024
36.17996965658903 55.501620692982755
78.88440450228555 49.72830296497077
66.38762600258599 6.088985579412764
57.48030087092947 55.906644408133964
20.477257413540418 51.98058240422188
92.78194817696651 79.7958138846458
50.83887016236179 23.556085082056775
53.9274177207765 46.994933341487766
56.20909302113672 62.4209150023071
63.71303652936622 77.05242809201259
28.12661438902738 63.64831704345881
54.96627076428656 4.806180778726066
99.0052101366109 92.91154200703762
1.2289647233182044 41.47113053038647
67.73629304821709 31.716115961975543
48.1583662300951 87.45608877870417
43.26427033991834 94.74055147327014
