68
89.70391810051005 55.63503087161531
62.17601067620762 88.11944296056868
50.61720356714796 4.091795389171981
41.506204052969295 26.873200894975668
82.65731941441321 20.14714505190449
74.14470540851973 55.541078110717656
46.572218364622806 58.54233713043144
52.64532924067353 36.5145735813719
97.16772655149457 44.9785468235556
85.57486090788174 92.51439225851395
97.19962588403214 39.29049681960501
96.43994749060244 71.49789300290658
66.15109845789496 73.66316585936204
34.88857008060594 48.54800238771381
73.83962444274532 74.23363295227176
83.49979570900402 30.84033711454498
60.95591272808025 73.53182352732641
4.940937931816681 97.5287666572863
87.38382685793842 95.03644075206441
77.27462964993708 43.892730044710916
37.465064921214484 52.11043157878381
19.496726699272415 19.011149193129807
93.8305709484504 93.59411436523537
47.274371177444074 18.46177661794457
32.28222936453855 93.65999251189406
31.868623533669684 99.60499866119108
66.39766361379725 57.54656044477869
30.818177380817957 2.879923331286527
23.16525523862103 82.5836097636995
64.22288175226136 31.103799265115185
4.238927745172605 84.64482484455627
73.40399844103057 90.63510465283976
37.06401872819182 16.816980741282748
90.98654770426022 41.15821859873893
76.07369399500541 76.54923600102696
21.263744786600412 61.19535402480545
83.34019416557769 70.3695756602833
27.065494328009375 3.91146967452054
33.34854711530547 37.079781187406034
42.98152465277859 43.879047134898876
17.073485852075265 26.68900907236771
1.4136935598436873 10.493765809330124
58.25026569149575 34.31966880804686
3.021209138917569 62.72394560256526
23.34545034133185 94.84754586142263
50.297080128254244 56.97484521292691
17.5336824139293 71.7378717874046
81.94756052598471 86.7989492592702
81.1899163985879 54.987468626337176
54.363069995099764 41.52871803418328
2.937539570729386 39.5671144182883
56.35054061728081 2.912718896973787
38.11050041122734 10.013009677798767
55.8990423749031 74.90540224686904
20.55848639353125 30.155278514770345
90.03544509705002 90.8130812286073
49.1524790200077 89.26995026060682
26.1575439670062 92.78821424482886
30.69098214835759 62.28401644535653
66.52075133483368 76.02280178339392
95.01234365207112 93.90997871506495
16.613761738453046 34.093134747681866
95.62797500136597 63.05031249310805
20.815719432802993 82.14163396765271
47.54680423987969 90.06074677830266
14.99381274304714 17.98150312034188
19.36399708040063 43.03161523334141
24.84415770182552 29.545940525259372
