63
98.5778013091019 67.74193009943504
77.55182477592403 78.14903780458539
70.49196891564713 40.729530061508925
71.11578164889087 0.7604682642747718
14.468664303894219 69.16841153005677
85.55541119820577 97.1870753165071
66.21673066825082 83.68466563650352
99.79382626929079 98.11068515714001
75.73654228878209 59.37798589819434
41.60619093121887 77.13711822208012
83.63198313429004 97.4223988924352
42.85489387208986 49.03442684833307
89.20800680765515 64.6431282209093
36.72727036186536 40.98919665042643
30.689654594470372 58.05672454844022
35.47137334203033 5.685370518458277
4.4643195938621645 15.106067865725837
50.021768453340734 58.666259028000646
79.33563940614282 68.56238960341254
81.43422891027761 41.60019132465206
95.74261950130875 37.28669702457276
67.5620967528509 6.50835364324821
12.284366802565073 76.42249104453118
56.220199414524345 8.198376932509232
37.55164077917068 29.093137362639098
68.40609210326875 19.034515989931144
87.52301220503335 7.937423141429855
29.800810090316066 13.078309813135991
14.95481229259874 16.674631392516226
97.71906437162443 72.16847629021301
64.32352172318816 49.55673964027226
4.819368102291266 18.5762570651787
20.077245125775566 22.797977255584346
71.32738129543132 26.03348484771033
0.28497975914418827 32.12845542208612
95.11714443239778 47.85404873745873
39.265410809714126 7.638739158490148
99.58952254711544 47.66570862327724
6.667384266201015 78.09631542718223
24.205356034965597 58.27203299920314
20.83930616707057 1.0445405234258853
40.63585875192479 72.31200192594106
96.30485926869571 18.629486228146963
95.84108092647756 30.498955914545135
8.033453422616999 37.019949690485824
64.50555130919875 16.29583728653684
90.207614457249 16.185464864389253
29.021258768136306 58.62278934271657
83.35146683312857 22.753281310928852
24.57809726096125 57.97295058078213
93.46758193293694 88.70952227818462
8.21770455285461 76.22710944166418
1.521484882662516 18.14536761959442
2.035624910402334 14.916449590527714
20.49253850011158 8.782952362344076
84.68824935589153 73.1257117106699
70.98098094567918 29.77374682460492
76.97081502837013 37.32922381636939
66.79778249987503 73.35700008386745
55.4402302823091 97.71299795751047
48.32021115226354 97.67643469200846
44.85883559738494 62.55279375480755
40.688751379825526 31.481994410434655
