71
20.815370133994872 11.755566702179054
89.70499141072548 65.16903743169713
66.48937478492807 85.60405438167037
20.56655228115999 48.04483336896024
69.74441805286516 8.88226421605155
1.7494332757961417 81.06962843819275
78.03483190286418 70.57727646249317
19.65741345613162 35.59107567319859
32.57255593367711 32.55604603446485
90.88244664457838 38.02657480659066
13.214105398986742 96.05580106248073
1.5433985441966724 39.85355422385711
21.4183298817767 88.60197704560545
42.75476914678051 5.51871281502454
98.68718122808873 73.17886095134443
26.941585459328255 26.864018013597946
56.5855366433857 99.77950495424074
3.6569453470589153 18.601742036371306
79.05529941336407 17.042430180926527
91.36331167156428 53.87374582982609
10.878905378437631 62.395185646178284
67.04487728427033 84.62137695095822
82.46727690529934 50.66148757312068
97.45826321446002 80.23207687604109
53.85668041547943 51.42496797155896
20.82089866331387 42.826272396564
39.64565783881729 72.10237411413534
84.59815935636439 56.48021779861043
66.19616532206281 66.32282430961493
31.01621785128784 8.058456215039033
67.78254784066593 83.30665570546115
99.41509407471142 66.02058951556991
1.9801333102190788 14.52013306478327
1.2425702728212973 89.64671798302234
57.456786152921914 33.138571186892364
34.190967640935895 23.489788773314036
50.430230031083354 53.70728838432296
94.28957886795975 70.6338972810444
36.222625637797556 77.02927703735443
11.605317665072612 50.276550845423486
81.16087628215179 1.507767374100888
34.74095345642617 96.11912068516621
40.3713359006873 40.784757631868295
44.07087527635565 86.40791887987078
14.054419590878576 41.912178896399
13.272016521959928 6.156767073391867
95.06592632528844 23.17464983349975
87.99136700038892 22.022042580150192
0.677924836504129 8.108302033532732
27.82922707539481 55.125183839163036
17.45339247936566 12.317766047410682
18.20257209603081 52.28706482015381
5.951495086324532 25.61758466115156
64.58748741552013 61.5212268799464
28.625055228998907 82.53865439905984
8.188724788376135 75.05841715351015
78.05742453668539 55.87121233448615
57.9991113015247 18.731792124381663
29.916814825627313 41.991458697807694
49.49592559271232 62.59685339555746
67.37896916278069 56.154737500428986
73.39075921520623 87.69494066490002
10.026819403673725 70.93244167442863
24.913107985675854 67.85778122638372
76.17162803713113 24.281266222910837
87.47722731439445 16.010853963765946
27.17412538867522 78.74012863364784
21.317599384921802 64.44497928116874
16.246996779946944 3.821588522435526
20.136080109606734 61.694755557824834
56.740411126004275 80.49704130150337
