70
40.04272308299126 16.166539568917038
28.51584233322273 62.556533860879924
74.32799650562679 88.59671908711213
36.72771407359215 99.48509221046967
66.28427785980617 71.4154049471984
8.76402320056392 79.02653381431846
49.0626575261515 65.19689456936516
26.343096293983457 4.228607511405203
92.22279391905275 34.93065941309605
20.398465928995858 89.41000695444608
72.41976304798034 1.023871844456703
9.249026049939879 66.65351510103037
14.930392285095673 87.79700022997326
8.913711371439103 43.90182808808149
16.556216729123307 88.32681825681344
7.509746115230831 68.67969525225797
60.485213576560426 23.20522051528311
96.32465662670293 31.04243401007566
94.00738027368081 68.01618468371768
3.1528002173004444 41.73087310875574
15.149669313412295 4.593658523634014
77.22249881011642 86.0667529887267
15.742249748120118 51.416975630405815
30.429128843796672 25.641849577393227
27.886168630306052 62.14120505242398
93.89982751593361 14.599729451616728
33.567824991877934 50.12421486572133
90.46894684142795 52.10465602378142
78.29770863124757 80.62681544515648
90.93872120233112 57.76442962622025
30.38766849459884 71.86177941334049
38.016467176765836 18.33158594698654
68.27259699686734 37.41864795029608
77.18254523571446 98.14789993371427
59.66287725543138 60.73722995246297
47.93203891034929 79.38615677345511
54.536129590730944 5.271266865151947
90.01096440693068 21.361422194662417
70.08507321043717 0.551198700525235
0.34365421887304626 48.30124125885338
58.22732201644044 97.73850196117735
78.67854022949113 22.442863927463343
43.72694337205775 68.90631881172847
62.96651704773316 1.6347785945533433
97.64264201112677 83.50321601958206
84.46893937068744 93.3911962272822
69.64343671816141 25.255894554658397
65.08819796391982 70.5470713439309
43.36561800173659 66.75234050120906
72.55696974000489 42.08038480709728
58.014362278803446 39.355677679048625
53.21507836972073 28.084775853180933
24.855573283078623 8.758910015842702
4.755885843260788 92.59714995347464
20.15769177604543 55.28156188755494
85.8179353316612 68.14374866897944
67.61599592625342 97.9734362004687
53.14811674162735 54.253334730948296
57.585237435130885 6.348200770609602
84.1033106756466 44.43574765140419
1.214302720023197 44.814037887931434
68.02024592131332 80.03343597552087
16.323448516058647 20.334481234901713
42.669372420738995 35.67385444986457
14.494664377277278 35.29023256089282
7.883760377126714 48.27961092966698
94.5108209355889 38.97669610502871
52.7391424011174 80.83751549676946
51.69825934526692 17.203022896345278
92.84961945306401 4.1662163297255255
