62
37.26893595917363 81.46454164553795
14.550069764303275 59.72040190381617
65.05862221137092 14.707776724511234
22.033997568370534 25.573645722251094
7.933946088352151 16.120403820385263
27.988767108793922 49.07610412684299
8.026377782348836 25.122834412169503
49.357046556461626 11.978462407406788
59.76891857558987 83.26784887350243
16.249911809568207 82.79590583947572
34.94880443375293 23.197020906879274
40.390997920062496 19.059825123950034
26.097376608775626 27.237112845645107
12.182573054187051 26.660675150402426
34.725424663814444 9.012195241663633
72.49875487429026 82.65867356953454
46.52782719813984 82.97035481173472
59.732756003572774 64.8773629828578
55.43745864015127 55.60501066891407
71.24922759918776 17.67225022737904
38.71103039033199 57.408951954389295
79.62587389790933 99.71115201568178
84.04314781668056 22.286328057663564
59.83884232912929 79.23968693197776
92.05888715123406 89.9325715718946
35.68615521291062 89.47648011376906
11.701670691256794 24.87983829989031
13.070743505230665 60.45857401936772
64.17290607130973 34.186784698235826
44.45415691486275 1.1908913167114843
99.24146617155378 32.84482521035391
44.09818342576561 13.59638180458116
38.285415698842826 77.43007931258181
63.14435321327488 86.48141305350585
28.234792870356394 11.343269759856156
12.22805123208911 13.258084341556199
91.22434837061193 16.02679460662064
49.61982656463131 67.80287032772289
93.96939403478129 19.880719476894647
79.3519708922123 53.31809898644562
1.886507023447026 67.64992857184478
47.74727596220792 41.96730276138313
91.8531691123438 15.288769060899876
12.270756667579807 72.58803562581159
22.070459760607207 34.135520549367584
58.8123181970499 23.45154678500171
59.38984254864711 78.63377107051923
79.59276088401903 62.52935361275639
57.86061946375458 43.783787836297265
85.96579045472069 50.776503662013994
52.31069022905764 96.21967841202881
60.24520950628618 9.017511821980273
72.1574788761857 27.75458229617319
48.18459983331926 93.45982055683231
4.670589476496367 51.96983380463421
6.546531194165661 88.35801207709324
20.63805934689402 96.86760421506717
21.172366928471263 54.78948231578711
89.65288772952673 0.04225335472126668
93.16951515259225 10.413663140076867
77.00302054063897 71.84623254282121
51.17801191044944 11.818593027801017
