64
59.8426099697018 76.33113094094732
18.301406503968632 62.99171532797395
77.5051766822992 96.18997053765378
59.07230914468437 97.62637304692903
54.25805851779253 87.34259152397851
51.93306104297009 42.43797676479662
51.61665608952448 37.37724057242022
99.09851289548833 4.944456145854936
90.94843443552895 94.66514001536387
18.581184886755253 39.700287322419825
82.50680410075721 90.19082952236725
59.567168369046044 96.20993961550897
61.56674936774687 7.893848452888164
51.436830555408406 36.261322041378584
27.143466792499638 40.76378205607423
10.183725046653835 30.105856981924262
87.897320480782 66.03146969208201
47.74089052864683 70.83276866236133
65.75465309570383 38.06084884439691
9.512087427233896 93.2904888239259
46.50351062842747 78.26543720536277
28.974517409665168 91.83811444072396
86.4146727716399 35.577446061429086
95.37714261619695 58.51715574777321
97.16028951271906 35.455565994219576
99.31443424226647 99.51427646071835
84.93633005259873 86.02200176794038
1.8899942360109612 74.47919288395677
51.858209419579026 53.21496087068939
14.940007659508069 78.14414253887065
3.3334765349594564 27.118477038225684
74.78802193725616 26.165635897653814
21.35095417742151 86.421389732614
11.532511849039684 92.02113922554439
73.80222503304333 28.017970906702782
68.57321233018058 56.005196367775625
21.135872961810442 77.32746918457242
94.60302012748457 79.35651469000227
16.22649691808238 17.346829331203097
47.18923503756874 47.2054329544371
84.22731105911743 50.59972819347672
65.03251188431527 94.19027671100335
1.1979721807820143 33.829315416830084
14.052446897154402 33.92260198875767
87.78626006821509 99.17956279935038
30.25680514649426 31.097613727585806
27.54999146366136 93.59720860522057
26.854360553954916 57.26988886615874
99.07140141744829 59.74953736631864
95.76814075853267 73.49025401409199
93.60221620700726 63.185743778751544
69.02475292249206 47.87567169769712
71.18240949827612 68.3788818372323
95.84544600758882 59.91457986132795
26.634586426325 12.491299836544945
48.416175972324474 52.62435808744886
79.92567389886489 48.492427294324884
51.418823162654135 76.76689755776246
97.62758250067213 14.954207358197714
11.775323558186779 50.66454509787105
59.03907675269103 89.38294868320125
80.10180606658272 77.48504127701322
51.325807316703695 13.954788478462188
51.83098312372725 38.93038066983361
