69
4.177806841791831 21.097891115327826
16.161800161469152 4.571434256538609
56.29232135798781 70.62481966789919
75.7371742936985 17.266457124347024
98.75633461999661 72.7792268589819
47.65228976213375 64.40145040830132
94.37460689313059 62.02071153094474
75.63760962959606 15.083307941366531
77.74008318975685 56.53715471842305
91.8552091206585 23.239768939445547
46.433758915781375 47.65958576162467
55.27813198145931 23.849029504065545
28.745663926769716 30.802353435416062
83.91489570342205 1.8526498902824429
30.55211740644488 57.7049071249781
17.38051855453795 72.46088831787017
20.65139563666665 13.932002895988449
86.44270202832107 4.447987534328379
3.400638589606153 98.27103212035075
39.293575461645915 96.60685553781437
33.00725135779923 81.91753250080347
82.7732404287587 1.0407186683988656
96.91757682441958 22.019577371902955
57.41060696185711 46.11521000382569
35.59100496840829 84.04524878435413
75.22956636663164 33.15957170864946
69.31223025056504 20.16651205901454
33.358946522827196 29.772913797882715
39.355592081798974 3.7329691146121724
64.37124912819795 28.613516479664426
22.55434358207118 83.18137876532873
51.93464669978658 4.20277354651698
26.15725634418772 71.22993395222458
46.319789357201124 72.1177546406127
57.91953349084519 49.26494535042586
5.7513189076135784 83.98260683284265
96.05353211195164 75.76508041510832
36.65928268060311 21.48753799967993
38.12052803720284 95.12196432769157
57.07701276348822 83.18158357275553
25.755087937262257 21.2630291047208
58.297523163853036 2.0107625037898536
53.8958009748484 27.28806960284419
35.609220773871684 34.60720437503413
73.58437436993877 2.544251709610712
95.99371775031132 46.259295113742596
72.59853337100459 5.669570190183981
92.24221772220093 12.056146709916604
16.886695576087263 80.69592292549125
26.995120263754902 49.65405325061476
62.776789141550914 99.99037177712448
23.076280548473406 14.142249175533216
28.947181844507043 28.963412899275664
37.26229324476127 89.74027618063919
9.443185719216086 18.410279232875403
24.32450318696271 87.21386775542936
16.93873952170808 28.359844691436543
62.02872442630506 85.22180182911245
51.05224854801133 38.45388141516348
8.866061538675208 10.384244309340385
96.30277056749584 66.9400540182146
71.35871606015569 60.57001961724566
88.45360401219709 40.42727354068765
72.5175769029476 50.60790713143892
16.221189653640224 17.229304828873094
80.83291806987741 55.358217688098996
94.00603203594878 74.16079863004911
35.4710383017134 14.632111739757514
12.433253971737201 96.93233592647495
