65
26.044048629689076 93.51843500865907
7.374787653895787 75.10921996249499
21.971409829527687 61.05671175081056
24.431526599815413 62.64511205554653
20.248017135063712 62.4689960906877
24.90753518326656 95.88369559185415
81.73408633350239 68.68395634756322
17.422339287837975 23.015509955992165
70.95157049089337 39.21426177912476
43.409691352754166 92.4550463388237
13.951632086869015 24.273764048019242
79.2876322883488 24.67944169488533
12.559267105539762 67.13367084878847
43.06156082245587 34.87862023567765
74.66736524060823 14.428150561612874
52.819546483580616 31.395327474050095
9.897901172917578 95.16078733004176
51.09081929952373 0.6313544499713997
86.21493714031784 65.13395307973215
49.677421866515914 32.944185967127424
40.38642068472228 2.762361015031556
30.517537811925333 63.768801931238826
9.31839933416846 85.0123267338161
58.02462320565294 91.47132087845162
90.24050521570103 83.5241655571545
68.61334270933177 99.88643046075927
34.60770928410813 27.71327582555059
27.546653900348506 74.09381937623623
75.1507759811338 86.58963871243928
48.76775838466647 13.814114480248985
54.76727311890834 69.49616096510711
40.991998890782554 68.22897684001569
2.8069090698625176 85.68970228027563
69.52095074872867 71.61576423506709
28.65644403658868 22.670118899333136
66.471042970972 28.325044993814853
14.530646880087694 67.66194920628207
60.612281594371574 0.4910098452732492
80.3506314666581 28.787271212704525
74.5899597381207 42.667929993074395
88.43578585187058 57.487941258557576
43.251335183366905 57.44309759723549
44.88021103209046 90.38260325582246
99.0635119321037 17.28992108233599
8.810311398614147 90.91854720581841
26.04732169106746 32.20508271858349
48.476395975351636 89.90055480021309
56.76507482737224 51.02846905912711
55.99376220447794 68.40785707822306
16.953217999989512 30.81539266556854
45.32872732214265 67.31080994061551
0.1937475722276205 42.231515099848615
52.52184162642113 85.61476092944152
30.27528033661593 12.176381471156194
38.99397087852978 89.41916627334787
52.90596755880982 74.51406472115788
69.81290587883694 49.27781038791495
59.1310891637575 65.81599159242725
8.72355583543084 86.75067128494726
95.3233276731564 20.3599144350453
21.326593208669863 12.150785085719406
94.86408688604021 57.41633624573588
76.11529721735216 87.02319801373463
72.01950562526508 53.23848047779497
26.39538553046409 70.95486343448573
