67
34.07262972794511 77.67825818668226
86.57475222392058 50.81402222472528
75.55311248808707 46.85262279899314
46.554677140527765 12.992305499902567
75.61205123074566 5.929670778591733
49.95996872512401 33.939508669265116
26.783912433350608 0.9647767835153975
10.25784764773312 19.535984811464136
8.0263914702709 95.09147938227375
48.237590241712226 41.04689240254474
72.85875422333955 50.324879074831856
78.69770726475532 83.39610998933526
52.81583921116466 45.47588320732324
75.67392214529495 54.66706868451211
12.661072974857301 15.998403462729282
37.29981369383631 65.39405910653375
70.13139236154491 84.03925241642392
82.3355803942717 60.41800414248164
17.477130953745046 93.40728458621221
53.04792973649736 13.059574741914215
64.37728679970806 69.47908731346803
74.89387933351892 77.71144374038654
64.55221299967224 21.803889416405532
10.759434917475552 38.52273606987233
44.35383524515502 88.4064486538729
97.1178711570443 96.78593672647456
36.4966650661183 59.51040489008279
62.140331789888705 25.66052336561715
47.891592987873025 89.35264067010291
68.08654082844822 96.83098228066386
70.9831590581835 32.73679436824417
89.69793511102463 54.65472371394819
75.79274219978592 69.95607941234823
20.016241851387385 68.10491985771323
83.49169408652874 18.52665647382682
66.23753172597429 10.673509681106875
72.81117053477259 3.673587377948495
84.32448667612763 81.15360869994657
59.88514814347457 19.32656713319667
27.356600026251044 0.06514577357844553
26.75100790757361 97.22224686391694
28.396833101526532 46.55371429128978
1.7591847828391405 20.11580785911957
27.161422675352952 41.889380105466124
24.43717091063227 74.94869597268992
24.11159410984096 70.31835182257498
72.13323504451995 86.15245330878743
6.665441450045451 91.18683701792501
77.49817604715047 94.38953963218012
57.581846264110666 86.0572875407651
49.23763680041158 34.28669900048102
89.4548086583958 16.404571374228848
6.693496651408093 59.804717011060646
85.14620964576316 73.17142432610885
30.55727892886333 91.24214243472449
38.805708317741114 47.803720690988136
87.06650233208437 82.81511380617717
7.2604562198057 91.63702187668189
30.117809899099836 14.89358049001509
42.12465163486825 6.792594238700089
31.198760309629805 54.847128382184515
92.96834465215767 37.460809282388176
63.8307363575549 82.44855524837074
97.19966483178948 86.78892110878651
84.37693163806321 62.926937355033694
18.732973938624966 49.63862258225254
78.98175677674642 83.46808455417786
