81
89.90277253182532 60.763421343288684
35.531246672571946 73.38377874626796
5.863747980782552 33.76363366573193
99.69172376280281 2.092983780745339
9.895879654949036 78.26048936420027
62.321893745268 98.59041234821329
80.26545222837981 57.87620499273272
86.27581963031338 41.63550033751733
70.77117345279075 22.16046016644566
56.61468278097095 82.12041452598164
15.684671001208915 86.16067206276597
50.20573919194003 50.44941348557408
59.78757896103792 42.80808002556748
7.0510678718122 61.56823491397013
64.78895340462307 2.6895056402305384
96.45460038188287 24.786018693378807
54.775843140366995 51.06503331956209
42.044543460903114 29.1178948625599
77.02216568530514 24.55078517746315
23.966535498286234 5.386969052582902
84.61064682210632 93.35238754016771
94.84792244553145 97.0754469141885
78.10927577403658 1.825838047940198
22.975876916461768 37.714692361413015
35.11976335388886 48.68902486750807
92.03159153950612 10.383848528147299
90.77727837329265 49.908344638082504
84.17717225863775 49.32600707255671
70.19057079409588 81.58206046044809
78.86583064660071 64.78531162362526
39.475926910612934 39.698794316188724
93.27775798096822 80.25168166100302
5.476885150050837 30.754236783044497
62.59534920472218 87.50810627774567
14.7060475796858 95.10777579437074
22.337767241068697 28.736569192177154
30.392514218363697 91.86340463303718
28.977648495733852 3.570492916408996
68.51539584087516 22.685522734713903
75.71110483336786 35.7363032323105
3.686116842592624 48.619906162143344
5.89448209746285 9.842780159207265
26.746387316023956 93.52792135906857
59.8757139984104 49.78312116586984
50.2564135012193 18.016988296506298
26.92284999539627 58.94212821681196
84.38027450774813 57.04412428007024
43.051111238919844 62.014133825679515
4.42042211437318 25.68573975684487
7.103845577947454 58.845390750326466
48.90736483996723 58.1951258034739
26.46505997016012 68.78553497495993
20.612326070223162 69.74110831691542
66.97198743148883 73.9243439228405
13.704433365565194 31.192197318861403
20.729542206534145 92.98528790371188
14.230916599937837 39.63744527698343
18.647856657555618 15.474161826528988
98.31452625098264 11.619857391506706
42.79228127718743 17.62218172995693
13.271686856606003 43.12091536295427
92.81253728263317 56.385803781729535
63.29493904487818 79.18825118460427
6.5723933090090725 26.75578424134737
38.21016633071146 90.14185355790512
5.135693070741521 52.54960212384001
24.60001265685946 74.90969284662124
77.09754390432309 11.26808350375631
92.62818831764737 16.9076979023281
79.24367458530205 25.37478951405682
79.63267462349263 28.501202426204596
1.3610800928844147 90.78783844463855
16.333812264648216 60.36741267105907
41.53397221508398 91.05423221161448
20.996851042387465 26.66402910155281
37.45389328035381 84.65463010049955
64.95533078449776 81.75890511537453
28.673273134712296 67.3949120958929
72.22099879391557 61.25831469678133
11.72925800167457 85.63684502471577
62.581172764319724 41.14534653927051
