73
61.843363418087016 85.78944146012863
38.02682977488337 84.14453289841036
35.56572142790091 13.034296320010375
32.63272065698033 65.90360908830552
81.58557996411935 77.23889523519448
15.35275415080497 54.20368172049549
57.32635309976 68.47466938610732
35.49689590381932 12.26737010113096
84.04568440974874 12.716721586631397
28.271701180027286 13.038389656351502
85.61863304490717 63.71312253710699
16.143664923765133 37.35853032308
22.166346187693588 34.67738273070778
22.669628337003335 65.81026625504843
69.10986477419348 39.74359317730283
67.16726542641659 93.54148046443972
87.59637163220053 36.028928017499574
97.1849291972978 51.00699883101578
29.391858452035933 93.88443122315752
33.39063316457287 33.342120215633564
74.30078012839886 40.289308623496034
96.13667375609344 15.038628594937753
36.017360668075725 64.18582343504586
94.95212781792502 15.251552738786668
61.53097094373242 69.9271108076688
45.280411905929206 61.699292870494595
56.10435346981085 64.45573546021947
35.826774529245796 83.90636263554082
65.47001757276789 63.914940979752544
62.49184003608159 66.60075157181504
17.37050043164363 84.43345051504492
8.915844419674501 94.90493401754901
1.1403001422497505 86.98172658505482
68.73805942459417 97.30416446740563
19.32647240949429 87.4985955399906
86.5142968213932 65.6449758083268
17.70512070431004 72.7058793656718
81.37220811116211 32.565022617257725
11.779940811566602 46.85620649688633
23.281889275860625 23.449803022430316
21.80348475406928 16.936527852885806
79.11021111103706 66.55751168848107
19.970972704171086 90.77134629419548
0.24750524116629036 20.957675170198453
20.707700345608316 33.418335885277116
12.549208102559595 36.85632437427322
77.84531627676837 66.30077903591709
9.302003455182085 28.431387627697603
72.31543828631732 82.15009815229195
14.879931734668405 76.10393213635435
67.67146777219672 25.47085322660503
3.945267782046069 71.16664187064309
58.747915374379446 24.855107045473122
72.16669037350512 74.36195849372787
42.63856263385454 59.707040158502636
61.24547076746185 83.26433666002855
69.08044451266859 81.86748847409552
55.17680384836938 78.1884669725356
73.25406978572748 62.164922999195326
50.12753949975699 64.46295155622808
19.24504711392042 97.84522684899699
89.56180999121761 90.5424052698242
46.20975302963686 91.52305098431869
24.1535124304346 84.53878653622526
34.39573739994925 72.79917644358214
35.928519045024956 1.9685457506666393
10.322694289626355 75.03005249660303
4.349040965390771 50.591919703109
59.98715629927703 18.606454061039358
69.33275927942546 0.15715219454601748
52.005647711196175 57.17303283181106
52.544239976579675 53.6310066337805
58.37001800815212 88.7560092168586
