79
63.46554737953327 53.4132971454917
88.62856005479239 22.235310687149756
76.22600896740224 69.60121318456048
38.57213331832426 83.40886686486752
84.27886796384348 57.81281477641891
84.05450342832444 29.616496942713987
48.08741757430527 16.553314305551904
40.98868349260295 13.19904309310813
70.280820956665 56.21793811241752
31.07959299849723 29.641914815431413
27.458273549987766 14.830644120293101
24.51236907758908 88.8468250966534
95.23865248244414 86.59715280613398
41.564756537802204 98.74741246041692
14.644263672608627 37.53119502041311
88.45918121836877 3.479349015100508
40.86381150758195 71.92398623965124
74.195126590465 47.670698410525056
79.06436082604932 65.07757074327742
92.28257758157045 67.83903563433267
72.3115044181491 62.58952869253236
49.22667666868822 36.066128536928645
60.014428747514906 16.498620651688977
97.03701583086803 62.369409205089234
52.85042575884105 74.67232661435933
42.29804536828306 92.05076658439506
71.94495817010639 17.20682989867187
77.87281120155076 0.9621438864348519
71.8514446285202 61.28015493829962
61.964394892520744 18.661518260290734
30.315284734704772 11.742918440121885
50.813179761140745 6.460198544684214
19.25214789441032 61.48072032868591
80.50380846732354 34.41923853555057
4.077822622183891 97.52690105233786
79.4680425397424 72.99186544013067
99.04170159357753 85.62220319705011
8.869552487835797 89.86910373496949
53.4399659019591 15.816391210031522
25.19409125087526 16.1675819737235
46.96565443139234 69.5312561021322
23.682563322223082 12.506651989181815
50.734429551947656 62.213970378949455
10.448605333029814 10.077184499307423
19.474091603142107 36.67591089557381
33.63613272704453 30.61032525991093
2.8722709961309767 95.36608417731287
13.239204723613241 62.976968769258214
3.4351016529301726 77.89683322448248
12.875292603650879 44.34910864592663
26.75844883251791 33.693096409358546
16.034787760413227 59.979255855486834
24.372457698059314 40.803267591174006
16.558064966837847 36.403291644858115
11.672897516262859 18.712303949104868
21.171951269246836 49.74673215365469
88.63757762782363 95.09263616012873
92.31843888131851 9.098034062929228
42.14475066977334 4.505259907285641
98.95810850611102 56.36529568299121
69.57972309374239 26.21022879208139
72.4037292343919 94.81211683869465
60.695598074230574 53.52139666137467
16.819119530587756 20.318942397366378
97.03179782867943 7.808096117904039
56.562778300453566 52.434628024322535
40.72270365253344 14.282658151445215
21.39072059896192 29.070723483389383
57.39920446926919 73.76205459229375
2.250493496272832 70.51859095378235
6.26942522812034 45.05576622485597
22.233048952916434 50.51713783542677
90.30302858060708 19.217645325852672
69.2730406169102 89.34306911083307
31.35953285495272 23.76084571231074
18.255483864568124 86.35550013039209
55.916459070124944 9.644044090447723
96.40186411963151 28.036430330711724
75.20374648459001 83.59369668285326
