74
26.36021352416006 75.01033374376821
40.1722202492066 93.96074871616258
47.33369575158491 84.45174031159371
87.41732325046053 23.4309900010527
77.02160169188836 0.38626933272092323
31.241910339420652 55.73912819069376
40.91903987960129 60.62816672467374
1.0731515838653283 37.671088784025706
54.62105715585089 74.00095004240464
34.59454008924905 13.270906802867334
61.42211950811267 84.3011535171662
6.282846804435859 75.3091752449237
20.545971894419058 7.0296948079511035
32.416625892043186 31.313543846476712
60.211974309897464 90.77230846278191
99.37188269757651 79.34185212687214
3.5120346386788515 0.9607607646282879
22.02974648136188 22.85642378078151
18.92498889245524 55.70847044125705
55.19063152514676 83.91353616715207
60.11857282276003 49.77474965644344
78.73903680089633 35.31015934608169
92.06451012588872 94.27593406574475
7.905478244597896 7.5436102919566705
86.76351465171392 48.33304243343615
48.98911008283814 56.95332367211916
22.795968929536247 77.92542410457622
45.48000623672412 2.7160424506779135
11.159896626417387 96.74404409725452
40.96448150620861 30.30072163178781
83.64005349270687 18.71468618602944
54.07159551326386 95.79382198722875
8.129387730339044 31.90986677634058
51.92389088473192 73.65139734834763
18.540992709932468 92.64817950986148
26.921741490630723 37.235542128549206
38.578081775212716 23.194051437209584
18.464933593295175 39.382806206897015
91.13254779376241 4.225876900691528
2.922820020305683 81.94622806199108
8.129335570905361 2.10330479239339
80.47539426252996 41.324503767675594
55.67339179803662 81.0015685213004
79.11184107909521 49.41408058920393
52.58348399181446 55.86835704097746
33.35397544133548 9.48230785110603
28.277950549177554 49.78851089607835
59.87274804590763 73.98407046581403
90.18410942003447 98.32642493751743
93.86638529735019 87.11066139991951
42.42665324267433 1.2335902364389084
19.632643400077377 73.48146997829747
67.68644373503314 5.288452474618454
44.91761770783641 1.6900546037751707
3.7416821020804902 60.35798267938277
48.01765821013548 28.447246034282514
3.0596947027983434 49.94514819280854
35.467921352270416 15.340281225862572
6.428116489493874 86.52040313602826
14.357588929104747 29.951883429224868
86.78246981008661 67.1983869320577
99.11555492943587 98.16133569924659
46.658369147507194 77.92257752551622
40.48151277745292 45.46972993412967
71.74675335039275 86.19222841722916
25.812041912476346 42.02959059043001
35.79471727254844 69.70735238771489
11.053146046356577 70.54366972582936
92.98876541753042 94.30713645752085
71.42921125333184 41.211488804537545
30.60867189641098 71.64067438158345
11.952697502691167 21.83713096818043
24.82831690720331 50.187153216827916
71.36063830912708 46.92703737837376
