72
25.77077134549821 9.74773753323891
41.488814016938456 58.655182239753536
24.410923227807025 11.17509342161438
44.16712204545977 4.8009587930021524
46.76887522251334 21.184677078549484
81.45558418340596 83.00414850931482
71.33760932200354 13.731198939948818
46.608530121247185 14.414469749287317
64.42918601945313 12.345234090851797
79.59503743215282 93.87166005309322
7.950724742970483 72.38120689142539
87.21361772231032 36.637227145783335
91.82535781277535 23.74097254982094
65.9978142430621 71.23456400986001
12.541543472991068 55.90363231106582
83.59172759271385 50.96149278698425
94.40553107336478 32.2040091249078
61.11634784489548 83.3978407491783
68.70374996603925 0.7927020122188932
9.653198779357819 58.65316513945735
91.60049472684624 33.432886723290736
55.45176108229376 30.481547035217094
68.21458380682188 90.23801141142668
74.21329230837414 42.27858603129976
78.71983366955114 38.02011930398802
15.934449396751004 32.19970782058784
55.62380722963247 54.98880236012697
29.702530161241793 61.09810464771084
68.69194494459322 71.71448751624465
49.615691807092276 85.71932184617592
11.495019422736563 14.074689147436992
93.65963623363947 30.09098197385204
10.111837587319394 98.63351563528933
27.138845942889635 55.36763336325888
13.2708488179608 49.374836300040556
27.02655030425076 11.604039944507194
62.291673128116976 78.41288511337028
14.60937746311638 33.21029674672453
9.632010625912269 25.943212470067213
18.10313497770377 94.55745946203913
72.93317934222664 52.46901413323412
71.23802119364746 98.16708404175827
63.7697299957243 22.2035376832719
37.27674895196035 75.46572951807559
10.299365873491029 72.03730369301923
97.60057743351618 78.5242318953754
65.52041222549522 21.644456062153516
74.24724773761262 24.26437811126848
35.349426869924315 43.34919455220901
94.93026621803342 54.06686472423542
97.90912220593891 21.60536248979549
60.58518341619206 18.468467796080844
45.6154595991208 69.61208770937998
19.616220302664587 47.518136188903426
24.014114264418062 64.56571798713108
77.59391335577884 97.91145633554443
2.6021767553654485 26.43454685296903
12.460880182332412 34.77883777212456
45.68876542822989 56.323523222540516
87.20504972139142 4.7403007014654275
93.3579787952734 59.83146849087249
43.38061279245441 26.77616288422373
88.17865178789198 33.618345540616765
74.11166700122324 99.68038910331376
1.5429463409164845 90.4903946753293
51.97638314920523 83.56431884715326
60.71811655861297 9.53423810423275
36.596134158939506 46.1480689777188
25.96887541840629 36.70230506937021
84.86309678137701 2.655709396293615
20.91141974261771 83.31103396144819
64.82814871328237 65.07139734599188
