75
3.18234149764558 23.031102945656844
85.51441448350367 79.58571583693232
83.88829682115274 64.26663553537266
99.08399211179938 11.070483028481304
34.270124285786196 28.73251258892231
23.071482374648134 82.60890653943683
69.06848246873847 70.45776571446537
62.13080236398562 52.16190675132791
89.17700940979842 18.751805297063882
68.77235910666185 27.462593020290694
3.5408710560343115 24.63509831902574
89.20613356344928 48.272090720089075
24.369761676126366 84.64063525719068
47.25438073144276 53.99425895127741
57.23105182664945 66.40600968981741
14.514686183253334 29.83395512061805
19.078058745718597 68.06462556217531
14.866236799772869 95.45839097415309
6.67813692559821 70.16920840605648
28.33846639042401 49.29726568414499
26.880978208391003 18.850522178429273
17.219478586684765 24.793683962572686
98.38605957298545 95.17517995924486
87.25464902208734 21.19449410576284
47.082362457350754 0.5862088506279561
96.65003770982082 48.86069225394084
53.0359728629056 37.749188211744425
38.64564163626875 87.40165919540703
50.71011837089612 62.357111501413684
37.7305777557026 90.25521988211203
12.361540749677491 77.50711567602352
77.22315696488587 7.660905062753287
0.7188684169178394 11.133264118927022
82.38371769506485 77.16436904909159
49.240995017460534 91.46586343609663
0.42845138407228145 99.06282923704825
58.23755254897588 99.11902509756611
51.849145262135735 8.568871574723625
19.836775996296176 80.7922748565895
16.05553645280101 64.83217814478026
94.95765943955408 70.37097145978443
34.04781233259202 84.1099106157924
75.55288996093877 85.19352360377856
96.55239706631703 89.41537769742395
83.72340949817782 80.58177095008551
3.028405239397647 86.14186697473896
18.158427233028508 77.44363784229678
70.66356773771672 57.85255122771247
19.377007833920256 89.11064218060486
9.437616421119245 25.423338665745
69.13470695042588 24.26777502616313
28.837062324689455 68.9610973335793
5.979638724826497 10.887413418231851
41.27768689497186 34.03100647825763
76.62503434603185 99.86732019491859
26.736797903664588 72.01373948606701
95.69694639499447 14.248536000392653
53.492473861317116 68.28497613015489
81.65963002292729 32.675845276025505
1.2356765275910453 38.85739961954625
8.975363187435704 17.702459091555877
18.989952679385404 41.47677800396984
94.85687911969555 3.122475508377609
47.82285541171264 0.5661937478148915
31.979678188233517 72.34182883214638
77.16506792558211 4.058686812298118
97.84407602593664 99.57444582507712
20.894299666373662 24.48177744336464
49.76866243660062 0.2311175915739927
32.66283974100307 82.06485975611862
76.06367810214168 36.04696507831873
37.12830780038783 44.4597872556042
30.81865761852901 40.8897122272871
73.01838160492942 74.05048878955299
73.99445829736725 84.10760588873157
