77
77.65315875046487 96.58762622478598
71.14320622381109 7.743045675832649
79.64616284190087 6.801153069738907
7.376353929208268 10.413648916299367
77.95608179792795 59.72083984750326
94.71872739866583 55.787800697100266
5.12712575255394 61.49121508940358
36.6275820990197 64.56537802210659
4.6509712999360575 17.216687032168675
74.19069914770715 7.196065237474281
64.2337479136786 86.9871852185115
14.680292778835236 37.80392615451768
11.333655569948597 95.42714739652185
81.19554110691726 50.31275845296792
31.134565544851878 90.8462332376175
17.994740836738398 66.90043147913379
31.759302658495493 91.0955705310706
23.421930682544666 40.737216534185535
55.9417676244769 95.52430451543414
4.298501528678367 50.97893038713529
3.991578383184091 36.06204258814828
73.18838984110386 18.810788560522663
65.38338155332359 20.058931460191253
70.40473112397848 74.28736296217623
46.78784356169228 75.34693712796512
65.63643166585732 81.4127517604659
60.452634081960454 68.39865859882501
19.18260336017259 66.46168456467787
94.25058944851752 28.124805607385372
20.07246240552618 83.02518706470524
10.66374758579336 58.596843669868235
69.42540019131506 66.35787205622948
65.05068577239715 83.4956550155975
16.563618194171546 39.71644749040728
54.47237542424905 64.95343603070573
8.887912906888772 62.21205986080713
62.5901616639611 52.99753748473343
12.486461876588272 53.21998677860555
84.66877728418521 31.447121792835077
10.265098491769786 54.168313009259094
3.599274986987011 10.778895738163264
38.2204020977829 94.4958491072912
73.94493755047955 42.35605039661997
98.2161450723041 45.151549252565715
36.31268556727718 40.300669056775405
29.85760696652151 59.505602631566155
89.09355751890632 40.627673404075026
26.126898323236738 58.430565792940634
36.58983938632342 8.184137171198714
88.3383990789252 91.56043431884433
45.916352796606276 50.4469345763384
78.00537223550342 38.52808570437366
10.524332953943837 4.0741207095313925
49.353718691890926 14.86914183818019
79.3924003745163 78.00435896935957
42.60393807379464 75.14825890605455
17.50769989421577 37.919302930904365
61.831924229525285 16.713638482744
36.02096953770945 61.817373569618816
71.53583626884523 19.763171483187858
17.18280234425992 50.21847706328471
69.03617712411801 12.980318429765802
51.479181834731925 7.35556022648246
58.296283954411635 65.80809082158505
59.740491282182084 55.64133124493543
9.68998102711871 8.49252835223825
44.13236013917774 87.95558865315168
48.48856622377918 49.455684341070636
68.5496919172795 59.05384315503689
83.80736051351305 18.86702223243255
94.3131711605036 76.08362734985717
42.46625340742328 87.00569225261918
2.0663160505169142 3.5896796003723086
39.95997390778344 94.02299732885847
17.370999602386973 34.09986589435985
13.88121062557337 83.45527671519133
89.81652631287267 93.51937100291488
