78
93.54955263287823 22.026592084871044
25.35754632426065 8.18566813500733
2.826964472771587 32.54408547534676
86.40896702212737 36.286398030985836
10.587282764694894 13.162062296851406
24.88421417496235 23.957254232225523
60.72083536163172 48.11496607804244
3.019107445703495 36.06749843387968
7.723884153787008 51.69931921847054
45.48061604591592 51.271768033886744
98.058137861025 65.19689884247731
39.862153824470944 96.5061407494002
76.83875747496153 35.90955173276824
55.04152164610109 25.735029290043176
80.35461497578675 98.32013507709905
34.41870015423232 39.63110624438574
67.91462864121908 48.01746043742635
65.41808562228401 9.129298911152283
15.977339149485426 68.25286585698281
10.943403273599095 0.5224717967508563
73.6860419529124 26.602912101840516
54.131859715843646 18.944775979433448
51.09730236642213 7.398105348632578
27.367759237812763 8.806156144323218
64.89372116510383 64.66877804572493
91.12945300584425 12.97005114623092
74.99602538698133 86.99657243247212
51.16687005690272 75.88042453617517
41.09747573568712 14.336658467702247
31.386468263853995 15.419281144806229
1.756537558369431 27.005484790287927
55.65786803423912 78.19090808026738
38.294622675914255 68.52327555521931
14.386058102541844 15.96029344678821
65.53668663850362 98.00169062667743
30.178184183456136 24.14136856386282
62.35037388928792 48.34117674399069
49.500488455311974 85.64317283600633
19.879092034791125 30.467638212396476
15.949428214448746 23.475218064238657
43.1489395159953 87.741240848382
92.3139962890759 38.80741272239092
84.83887400519083 50.09629642307901
40.90085969989224 64.2256045835467
41.428842891206116 48.21485711637447
65.7164872341503 87.99733374227543
23.987705362829125 85.15530784188581
99.14722328623446 88.8365721227371
31.240401089352233 67.7957762137852
87.99701406639122 32.626128080697356
14.457385401330235 19.84449124818243
74.2236471949145 7.972399169127242
8.134309637763138 69.34137819099726
79.46616275152977 63.52986273261405
31.716110545525588 36.84802745407922
33.31449895386109 50.97231098029683
4.025192438345426 27.0053789217924
14.297584990718072 83.6746075079266
22.27180352509357 32.361782180950215
30.533561330448567 54.82114420134035
82.30047786145849 80.38943900097365
37.87738281924591 86.26382164849002
82.4348759608304 57.13344242537555
13.234147802026563 25.18094502515751
89.82201431594243 81.21213004037551
92.40253380379764 28.7566755099385
13.560561015394779 0.22129380012692046
80.77590039566101 11.671361880858843
8.931335244756122 98.14960305942887
77.57362975338978 54.40518563635048
21.823305188003083 98.41272529218642
45.00631549130475 8.740000150992788
57.056604485642914 66.30357990067452
91.9508610886608 21.6592742649503
5.934620924056821 35.01533780494183
19.22384699853058 75.53366735811048
95.41498380278054 22.63637825733794
96.66166093469144 9.760695403948748
