80
49.03215378193416 51.19425768581019
64.28583080813844 40.22731367945642
43.82229299933452 4.659670262879734
29.22159910011981 46.4629587304738
52.38483552390911 36.78643273733441
40.82142999398305 86.70499767610295
24.236826563964907 56.31033940506711
97.91698003258912 41.62169234981046
67.36641295872381 62.59838361976369
6.530429705574514 31.341363128902056
26.35501359292488 63.32733702681569
37.55263375838205 88.7722651924836
70.80381558021595 2.6851372151167396
9.641708061021948 96.67895144747408
33.320012935807775 81.98951442562947
42.2615337781682 76.49886035689427
13.97411120415658 51.711693548799744
0.4019160911772457 49.53392113849024
3.105936047981872 28.04039578356303
75.96232330473765 42.081389078168776
47.91645604109428 38.49218078613631
71.25539001879375 87.19667053233896
49.04221420261631 51.53512261072497
64.84572477266981 58.052246073994674
71.55246773818695 44.412023288556455
73.21615317893108 32.10103718360355
62.94162338598331 76.34540434404437
55.43567571066637 64.8290749067704
5.875518429855465 3.250951747002584
97.73414345377643 50.02871014495669
61.11934018863154 0.8538215690495954
34.82347525715335 32.833453832669775
92.43293387650552 98.14265358694229
6.973445425258107 10.730611623697117
54.27098997075064 87.69426463017548
42.61715394325564 76.95843693946529
89.9401888554593 60.48529836329982
43.668018249992414 21.60193040110141
86.02783237569011 59.40630431849472
52.895269649063636 26.731805219905556
43.92465860502105 15.557630097679741
83.2516856299104 31.609757109687276
6.3699825258695775 21.295405047753878
90.48457899117757 52.473263976393035
96.81565947532124 75.82121738121421
87.29766620889346 21.305266879524975
24.658252191224705 12.338852295283909
45.46631614600215 57.2341174640091
95.83592494743485 26.705713051963155
54.029686498917386 55.332312193019575
30.899363974791505 16.158648572857036
84.72834740062832 82.00675020592703
81.1665245239673 7.915011536939309
68.40977481461464 50.12747744172932
98.19283613202481 90.71405273828536
73.43241024179054 23.85369921538355
62.41316634114247 64.57891035365377
22.82822348768122 79.11837350416666
48.636131827659376 5.757136999928248
87.39739963766647 62.106137951660564
73.77068994992261 6.712884182628254
89.47820468045485 87.26910046491003
58.63779140373687 43.70168521435187
24.04312728245488 1.3230617565206715
40.23627290897912 59.55565217853896
77.60022282352547 47.19343474913932
24.160698388099632 63.9298010230441
50.99674337586422 43.96921645648223
3.8568271596089554 45.25396758646224
48.72334992609332 81.58251795168495
31.575938978924423 90.16257245668015
20.074546272089954 0.6070513974337444
89.7764445695538 88.44749371472503
72.92137279509845 9.704666291429776
85.96753789435914 67.89680658951332
11.419064275446678 98.88751552306857
40.81242626428838 40.95174300788024
98.04961462267265 25.598518230037847
7.783549569375692 6.662471652678059
49.86263879260066 82.25992045919386
