76
38.969861853362 52.65128697430441
60.35485708764787 20.780694027517765
88.85209083351228 90.02229749061307
22.25618005649117 52.87907009966858
57.75660981691993 21.192057105658968
55.864919612720755 68.3085870957705
57.2288859719825 4.617223703833206
98.12106623146205 93.21286698792022
50.31244078507081 88.08181667428236
28.85060939372176 77.53063401742796
1.5371058286759665 17.58433993003298
52.762142287045336 63.35753889400749
27.161603382324493 88.86134560845181
91.53818511766825 98.40609701864572
11.714579373087364 51.44193310194286
17.803722690233737 87.63928611100093
29.028530604165937 68.83077759080274
6.490939180668787 48.390508431051494
58.23397439695333 85.88909823062187
43.165655074486345 47.45851062098204
87.65594675949146 19.99036308094906
43.737512627501 38.686904793707946
83.5726742834551 16.855630454008754
80.45942390633914 36.96366114193131
91.78582920602959 71.65224908137625
29.665369237349037 52.781835963321925
30.929671537067026 61.83967075057859
46.09452111774146 7.199882633603205
55.12966329997979 62.558648714762825
75.33584670397984 79.23340920219279
40.565378552444706 30.153868471371236
37.24001887359968 20.721211413350616
97.27019051994668 71.66731062271099
54.04976593756954 4.974424883066575
51.6540191499725 5.658938133106717
31.450258350873373 71.6229489449532
72.69395748728778 56.49192970553555
34.07694698362847 53.11300373491422
36.64383744154362 21.414489962857054
22.31362630411168 1.3245352946907096
68.82943486826922 57.4139772331689
50.091032844255835 23.543024772359
22.56364987684757 25.94641801303069
70.35066124482242 88.88349106096067
97.57508324682811 62.12173636353728
76.5601120209729 60.23391160778453
65.69164927269186 52.13365876001607
9.906642377993613 70.70567507537778
78.00507221113969 96.75336605733182
82.49197319150396 1.2122815430737899
9.780169698689189 54.985666848492166
47.373966404558 78.00372806917963
92.92674157889088 46.96395025125132
6.419453753527227 72.19610928907848
71.3118945323147 96.63353226599732
56.85882415372031 10.920567593981968
84.20991850264699 80.31005772836764
8.476993276107192 69.9253086071625
41.641162110864 23.47649372489694
89.93936797791275 80.53413984316458
62.11729947276052 35.83797687348783
12.444572937774678 86.6139597412027
71.08936360475002 21.05843814776994
0.5105772616255444 62.73771858345655
37.96836755456147 7.358762289340204
6.768659424986334 49.59060457695297
0.8772865446718736 82.67199262965075
91.55627243511776 37.80694165608842
99.6173728540483 98.64728039428483
8.28128208425214 2.2180656877845317
88.15111734853147 5.503411276170489
71.2073855628078 66.77093872981618
98.88576181550151 65.8783383701966
1.81191815108791 50.4225226039839
76.62396548508121 27.14102091540663
79.86459957941814 79.47413462577548
