83
14.09037146670229 85.95931274796412
61.1727799737811 60.89307795008159
30.776827410856413 30.004229823967076
9.16860845482148 1.9338808244804495
37.81769644134766 70.33272711803083
57.101687695567726 19.06578853436034
57.23735070359719 73.49406064907022
53.845579177807345 38.2334676933321
70.27942259320874 48.92542120672636
89.53927591878315 43.141944383561096
44.9656124389407 60.880456829624485
89.8911465389661 13.190380631901588
55.88556279271467 53.483914712389065
3.2653324900985714 25.677621484453994
45.92194670615821 2.794902176764824
65.02584619493167 9.76193921671602
15.21859037192116 43.29513224861665
99.27203705122184 10.442948940886353
25.097782089749465 96.60972074072043
20.6545176212102 44.68622642292882
73.70225894635341 85.96327911705723
13.383787237108324 40.54738271041487
86.28675977021554 96.78547713986984
47.16861746077776 98.3200948429217
19.511357363229955 56.089179329898855
60.22456764668871 33.12909306049714
40.25302330292517 62.90716864708503
89.77579130038659 36.976038533966346
42.22085607164756 84.27020170948441
18.42073921478552 53.899885817281444
41.81947724470613 21.111164224012203
37.15871950420316 11.29520811623551
71.1183265269605 69.17619826119639
34.09036031662278 26.728799063290044
52.62014156209188 57.87272860330638
98.48393552089641 20.29162103604155
2.765925618753362 13.003749787319341
26.143293469679506 61.595046607601525
97.79762608387355 60.56907258530229
75.67871602972345 70.98115982336776
52.173094265470446 35.40389326609294
5.63862353169805 28.57502018795084
2.24322517153297 1.151828171159297
86.0575593636749 27.909824520371885
41.11410831317306 80.68150359928742
22.94992288232358 15.44938628141238
45.92280396566862 42.582337712001106
27.955485119888234 71.75766673384422
38.1903850257646 79.35633395309029
71.21827793373338 91.74377165748304
15.170296399307471 92.27626121116326
37.19384585919452 35.7765053158662
51.519290006986964 94.97277428742296
62.744917174666185 78.51888962349395
8.592329482448191 62.4351782530143
80.8094525680541 76.00165363634669
38.29252328855627 50.53338253402511
24.39377718333372 85.18010616089258
1.8088018890593638 28.071024684925618
54.959855606607945 34.64881341546789
34.68295400167084 47.00893834594005
39.14329502667021 29.92545272415582
38.63447671265856 36.18582342234402
12.875624393112705 14.528790279151282
42.81061236567047 36.866833927445064
85.9424918345717 55.86208767513624
0.8022113955719723 19.87818168781178
85.39516817761744 77.37156050813681
28.104901441170437 73.91243373518994
45.91780942777367 71.60868327482974
80.65626481384183 91.35408885313197
72.71418607391901 62.95728094919858
26.781847556300242 91.03304398404238
92.42300741411813 26.940238663387372
2.9324470635853306 19.864490382557065
36.88267786284424 80.84740113899025
14.777774960514245 93.23603847857132
73.29286527182377 10.655828609324768
90.16130426197483 9.078216230817326
13.719700784248301 63.85587406642321
12.473358797936529 98.85261850714569
18.884320564183664 49.632006813988205
33.54560750580104 46.25824573492936
