91
56.70261352652788 33.62295613395199
99.49243144314738 93.85116093391406
17.883078237718554 80.9880820224633
30.019564534617217 99.96069938144365
68.71224962762261 57.34918244796409
97.95693526082168 20.27264487484455
32.0086081941618 46.97065093155087
82.69508168321266 22.54345230193513
54.01152650203343 48.0666275930882
9.655966921900305 45.50904693899845
37.4984411399372 15.213327774526174
58.33704744190252 92.60436010015984
33.24384617933932 26.501798696532973
18.150325742429686 71.51085225178309
76.8257500888793 94.93120030625244
19.22962569063532 63.47820095974831
63.94696970007369 36.00053809631455
99.70606184892695 13.532224080903521
64.81633622268593 17.419793275780915
93.49362144881374 66.62179933060078
37.44103012069139 85.49766491081418
94.79599988858183 14.23607252666873
98.2463194116749 39.89083388568708
4.054886216059595 52.641248195192716
18.633336810121527 19.94887525895098
28.29540724839541 83.183874046026
75.57330472668072 80.32784990447905
50.65787155767849 62.605690645982726
55.17466103732409 59.25677198658791
89.76809264040992 2.935147930257531
90.23560224969867 52.38490758951233
52.17930869418692 73.99791312616694
26.29752283435908 39.28644211521225
82.64540033698589 7.099627956265742
36.37452681850545 73.48167354543948
75.47065972157067 65.29365311734635
6.951357590291696 85.296670294306
39.220841278469855 25.93747274592647
92.8677126112177 48.760009933258445
10.562036846897627 26.478346162885767
19.993877299655736 38.640377165494314
26.969482667060696 57.27689897097261
78.48026295119179 5.9939119715525795
99.23548671924836 11.555181398738391
35.23600780871961 12.77882032734019
2.4518673857251705 70.403813890812
5.022282939292189 45.366646514688846
97.65709330178328 26.745899158010378
69.25283974835521 39.20220318629062
69.93975971996036 91.89237825892876
57.651479092540825 98.63121810337863
55.11656817605294 16.88954043784967
37.54130470288437 96.40369653068515
22.00357058486717 25.83415398797001
94.47615774007707 30.972486530060127
18.172370309513987 73.83294206175306
93.45762555284023 5.823395305511935
50.98489688847633 45.96315921040494
93.45965856438721 43.38906522260459
62.1988927204137 95.97170720393589
34.81561471485624 55.36944560234722
54.049322169867175 50.045335885071786
57.34410438819172 81.86192541805126
21.00907637773225 30.279389855079884
86.04434620724524 57.00936291263694
73.82537988790574 0.2474395784586081
77.06327127068063 41.65315634251186
93.27594201162287 9.648707608552598
74.39646011106228 47.12873167797211
8.890866190804491 79.73848226552394
15.638412141325775 8.441817019688935
73.42424531503981 72.38593711149616
73.19291595063002 23.757335297157866
27.78685563851274 66.29941906742357
97.16910475938815 24.790514423769537
87.04640236414151 40.236841089938025
78.35258422927063 58.72669089081754
69.7239608402611 88.68723132596674
59.80435360180859 19.929504361022943
2.055850218467148 18.668468513245873
57.00057002010863 19.74054245303445
80.22632661107379 29.07647122024398
53.689746245754236 77.4253853357919
30.396316369277887 38.91694109941777
11.088426362720327 60.19209419273904
85.88302323223019 16.901203015261036
90.6466789119561 27.954953195035724
73.53925861170768 32.66601427682726
3.9744589158573818 97.91991873145906
46.345696494869046 19.404517468833138
2.3895903369098748 89.53203622525703
