89
41.458771064515474 45.50444267483799
78.32467610951727 5.590933930548458
78.24308241105737 68.78669349015128
69.04612036636253 43.35533974092196
80.44689453980351 61.225929446437966
19.92503223156311 72.27559179390413
62.39378601200713 32.87432547235698
55.9458085283798 28.119991502306142
27.032249339794834 77.38691056411346
30.111474397415417 19.15437586749984
7.604417480133208 19.529393257506968
64.77119062052216 46.49068741077795
22.02577148494752 23.99011842461245
29.42454035342681 3.861713373683684
57.55966942757528 6.817347797706796
63.371135548857346 3.693581443300775
68.88350314349614 40.88809308602824
5.233882581270343 8.359569282541667
84.96294768113499 32.03140465616201
90.16421604889842 95.05172637944969
34.45844805398558 75.4085982508086
45.35757620860805 53.08376727204094
59.59011649686943 80.3635024512952
50.345754887137886 92.50908010658972
76.1330906003576 9.54516968603275
17.267685004755208 39.18117751193012
8.335654273091075 76.3390384629718
92.58562345796561 88.82300373962306
10.124470515216544 59.21021339711131
3.826377229853317 94.68059245309391
75.42384465325834 43.53963250267936
39.78482030851511 61.1039897860148
21.43319467319631 19.587552736292324
71.55477534544902 11.305788766331515
84.84637188647838 77.70168094491193
23.815376404383304 33.712428690991814
25.081852278957218 92.41733086769696
14.556061696225653 66.24464757059499
71.55139088478961 51.001485558973656
10.918417307974371 90.61506852268893
69.33203087056404 95.54276211997514
20.464301158074992 55.383932839307015
94.16144120741382 64.53350653583144
14.142577319955363 24.994581080890732
43.58937559024214 72.51615767544855
69.97253784287484 61.2402775713108
93.28195987890835 6.545477903388308
3.8753242284996547 84.35936114558827
93.76919732562828 1.4123441738267295
51.570763860539394 16.15061871262308
44.65118372250494 84.88829507049012
93.73897647773238 40.41106670845949
58.27603659194804 2.331768860714445
86.35896906609213 92.16868737305043
9.933010169462975 65.8672464187368
38.01950392014384 9.129684621431455
88.26772354966035 21.294853300184435
91.11251858741949 28.49412743176162
30.799190225891294 69.1520968026333
47.73823302829866 93.19781245119161
87.60384342955277 34.35474833672143
49.73476170629567 4.851522874728309
48.87159043395381 76.22785916325728
10.036198990955015 15.697586282087139
27.30524988990727 8.786088584272223
68.18447771024584 0.7068306809312586
89.37481817998163 90.117267369828
8.431598773379978 13.78588143931706
95.16394020253243 85.00398101938778
10.467722307336913 73.89988977858685
58.73568138187186 29.58539783901173
94.52381226615655 12.58102280726101
29.638367408570797 83.98017329702759
37.65816996440571 17.38398693063521
85.18612530307483 38.027865941868235
94.95801824534801 86.28154973677721
54.59041618236405 28.21026313148095
85.69673379569953 48.506668485865475
18.293159816759662 31.69780194945352
5.8732794144350065 98.65263210322628
43.51455590267251 73.53486813377492
82.55970429366688 60.401600634575836
70.30426245766304 91.18376849865382
10.118220708221825 40.38835511185348
48.79102438514611 32.04724892374771
23.526423678867793 24.119372235722313
35.97522724439952 16.723984997888795
44.863077168795215 89.67099388112685
33.72311392998025 94.50799660298324
