86
47.5977147149206 7.498149575236557
7.231830363507708 99.0151815673232
3.2587135117049693 88.85336037011298
41.055010025147 69.67170520395398
44.53425418362548 8.825280378188605
29.673934777193978 90.49039089282522
43.933067824915604 80.7928948578468
27.11458946321439 12.416851211362435
74.37986275513745 88.74843144555584
83.37166048557494 42.90729647523693
72.2286995530996 50.45868470766103
61.06632823389576 72.28307833795763
80.88366546969151 74.59685712975299
13.414161900574085 76.45710694063558
17.58618014404577 4.8304235041110815
3.509857495380253 69.5603720727151
21.9892902344928 70.58273299653834
8.585510868895263 82.36329326937152
69.45903908983604 12.951158092188397
67.53124423920619 2.867424812006525
14.49232823610882 81.59256247425304
90.75576411169266 8.132350392813725
61.07433623981843 42.08046673069625
90.7349202616891 16.527119756885668
89.1094661024616 13.300840291382322
21.384997793693795 72.5491823037656
81.38799878694388 24.320867107857648
35.992566787604375 53.53297362098062
66.98812114751206 55.08488389625727
60.780417972291986 42.485991265485225
20.74584900368236 93.20244393928603
60.95798893920227 57.194171245263824
95.73356571225935 67.38454458658663
91.90626257869864 24.363285873858366
93.8291225609399 19.04283816847183
52.0217671502739 2.4236575446616837
25.420416643480813 77.25929159225345
81.57513412256864 76.40348521111662
51.48139124482331 38.7745295712132
19.591951173462785 3.2766011866774747
25.27871784499336 14.208360590863222
81.97699972320632 74.47710560969313
74.15251111087336 3.8349454388541426
59.35574546668615 12.32418070396798
47.267828893979704 51.72447695401389
6.514226045516014 47.48635528729553
32.32196017994598 99.65737596902086
99.89017459160672 27.131455039335208
37.555512879116925 2.0804903976337163
89.91431090002133 11.088095151523024
10.836233835836417 40.560360953154394
74.44784446929896 52.761920088247734
20.26454153552765 32.35987894069833
97.53540770661606 74.80444009603443
8.268710071403284 1.7993799144348732
96.04971108269093 72.68728370883211
73.74227734592657 92.26449659698298
22.433460046779665 25.72794312877282
33.728883602369606 86.56178223525083
56.653969720028776 21.600360754037386
91.03589144886487 58.72531558788074
5.818206187496955 73.69047561184955
44.21670622386904 89.20216417695005
51.33176979911088 57.37596804965589
1.8101032162346598 64.18754762130814
57.27782751511926 19.563674278433428
53.63779437524787 77.37249399757793
32.89469961192607 13.694605383527058
8.754222742976792 57.186263556877826
30.9876794782305 2.143463705058668
12.11518050310858 34.03255756669772
9.9852180030772 89.5579056392564
30.54613846744222 6.90555013984503
5.279260710847433 78.17664751296732
70.90325759898923 32.29792301754699
64.37140246316179 43.04194255393452
99.17046122362453 53.899248071296
9.6035397941436 12.698943438621502
78.48856950334317 52.81549377964162
33.6372145267061 78.90731785298442
60.39759321485229 58.19280959382161
22.941675830996168 95.04374784508948
54.411456614994606 18.27444513265227
58.01144817605115 30.924220163980053
17.43469788543861 21.41772446351662
12.70829244772138 3.44719172850525
