82
82.16752061641841 8.185357977088536
94.81497682715647 49.10305347411858
13.621552318192586 14.83181156058324
11.453835245291256 67.77008222278724
31.059021202901715 17.2121172240971
30.183258544678495 38.650841279875
22.314622879342917 63.39017356006378
62.204597302703625 25.750367658326677
21.861831121833696 85.0626404254016
3.5899952727584727 69.71458507372255
99.93815135214301 25.4076294398084
92.62423760487403 94.21487667807922
4.797444738409185 14.66273969034706
87.81235160979274 23.235610733148214
71.89206985570613 54.11641840860365
27.120160869720745 75.42395819601508
83.50255110533284 87.75897885716802
44.94533371480117 74.31786382523057
61.67920985130547 44.46946924522103
23.8524388451128 75.75792726575413
26.92788237647762 83.15483427833908
12.069046443834875 31.105382816829795
29.149623277151182 44.89873023540867
61.01186939712881 96.53682940820026
29.87759355405537 28.32714702654918
96.69184810309562 13.890955369826685
51.73404832677229 99.47507749102279
26.7514520584633 24.29171174414598
15.238696756341385 90.52938333594311
58.71705710116345 6.425583001130142
86.63328031570103 44.18663509162791
67.23584162164457 33.85246590502551
60.36735306054173 9.770792202249435
71.58521628332359 37.624130541642046
26.99354850125285 65.99515842259046
41.316095664480926 86.86475949368214
85.60071503303477 77.92751693232594
71.80506881049125 88.74302549012454
94.14363942259813 86.8396339975732
1.0648931582757037 5.93215323754408
97.8879328086976 40.115267913892126
80.38333741814088 82.67376209159741
5.852823321597622 98.63022729958337
61.278112024608646 37.06972792648303
5.08568512401677 17.215753911976016
3.31744954577492 39.31810541320986
59.623613469114765 24.80826447915019
52.927887843185104 12.561481460134328
72.9450765183373 72.89064350086983
44.91205127470099 8.784834187574608
40.36090526573677 85.12788450844481
64.9044143438389 26.797848013490245
74.47038991138977 17.035350372429313
0.2016774665631771 31.19235046268878
75.4262100753472 99.54740194663238
8.024120633967879 52.85320626948026
50.05490818193119 44.30359701204476
4.300935646394189 52.822836345505394
94.93002942355984 21.053099142559397
90.83785087802801 71.75192526926747
24.625094604485753 58.278287112550075
16.326242347877095 76.98593408812054
92.95301408088523 72.92768946609772
68.58905397182194 28.938490067241517
49.03485085669362 5.896429243695711
37.711326641456544 47.6092069266095
0.6238316295339996 53.11868739462504
53.562474433203256 73.01277534870533
82.19545144597268 32.031516707136866
46.77554363847993 9.294282937917231
80.06117252105308 88.58207264462885
14.460514912744483 51.32358598600347
35.919240892340454 47.261885039583085
82.98515183837452 92.45680553838339
54.15515615871963 45.22191553605855
66.22435806376183 49.571960607104245
26.27232441176034 12.520702108383608
96.63229676983664 47.28244659449413
32.254306271002555 75.8012845419065
64.49652670454654 75.9229156039805
49.366505655301566 34.00261105677601
9.808344282051461 7.927717817556113
