85
18.770029032367873 39.42396291968875
64.8148600099248 13.30526877726893
26.239180707140285 82.05778294797565
1.8201848814132005 74.25304706300717
13.46151215656074 72.04527859197223
66.49996765252808 94.00052456440304
49.28328147875385 24.987789332783027
92.47961322255064 98.96659003636871
58.230151906908326 10.874064527860316
75.41367724926623 4.581334610695564
17.593690957264542 64.8003538312097
68.49724694714428 22.341345547870606
17.555980888947776 99.519321573623
66.09471174426555 28.613252650947906
16.038205819358396 62.608159357602624
10.610571681708747 27.922452207556304
95.62763131772094 54.61377098294386
65.4452885497852 26.265795706891915
49.46776725015022 97.19626955760245
6.768786491225088 66.56699684397184
5.75943939990956 93.14646716331038
45.588241892434844 15.113136974567853
42.188098068691794 50.526722478467704
62.465002378758825 30.488413622250242
76.5720496826874 54.02381152372596
54.96695142587178 38.71162615592143
53.502601674416326 81.68330908094312
39.03117240304055 70.88413758859899
93.12191817315613 22.086440133675833
43.68197037933806 28.440463979062404
36.46430051838154 72.04940721351194
91.17339741354103 65.77650797527134
90.5753624473312 72.08863000162395
40.98937941532347 76.68574557998144
57.66098581823821 65.4026873003762
77.83161949559438 37.547337827080376
40.62093706028924 72.9060477864986
8.933462236952305 46.93026076112101
43.702513386551125 68.76690351719536
40.63819827699815 96.71652631957708
25.143686437124202 86.62963090034822
22.975714208277186 71.92921394753611
78.22261416820714 86.75046193510542
10.823440936122875 55.022069130756954
56.99349866124258 5.587454306648665
30.74595601707273 43.30540756098149
50.628611481100236 55.49328294980227
28.596239943484235 84.03392435336767
25.32154683726896 16.872009553520417
58.74839266215084 62.30139257190203
54.719483802076155 21.746858108671773
73.42153121208234 10.290128046228153
83.35910091224521 14.238843076869024
47.55412538082703 35.48870355488331
37.7933612931924 90.50483514075906
62.347989435540406 90.16696567850146
6.011873776237342 73.13146746600707
24.28430009913456 14.836382488568155
11.015125414529592 95.81363530871054
85.43529660217196 29.254744677403146
95.4023567993768 72.00204469132281
48.537385554505676 28.503854695254947
96.27872286492376 69.1658541844028
80.95631603771538 19.83281212044914
57.133692787707446 4.212324162720227
89.87408584734001 37.162489483734454
75.14089365503563 73.98874903801041
57.51409496220818 70.62528036645271
98.72825282698956 65.27494656924672
24.389088751296583 75.7583086868573
31.15226795515519 63.6466674615324
83.15146496700085 40.46863723750691
53.994055607691024 9.597420375595412
34.44397710543554 74.3087787093204
5.521290534353895 48.71767516467831
4.412790352107077 0.13770149235934337
87.63226538017874 38.22568360213734
78.46788730177815 18.36122186666862
9.275892107455263 67.73983980854203
22.499553899332835 92.49531597292872
6.747058388054061 60.993603660277195
12.568146747620801 85.87942376645083
84.22814775598883 1.6976358736222052
34.367506792743775 17.393716418709094
35.27860491639312 63.43680983453612
