90
61.53547363416414 77.07483058793404
12.69019772011546 44.559570484255886
78.06379488756295 84.55384644148228
7.415553769023275 18.15718597766569
63.58846997614908 74.78559390848456
94.47943415172492 35.88299107490602
92.97708112471534 24.96219877036524
62.799580556709 58.59459614736738
9.939263090479889 55.58263176263536
31.918294329517582 54.2805437546645
30.28211590746599 52.13758263719181
6.710790183811688 87.27531310954541
14.30497006250504 13.825188782723675
82.37096717973054 10.516213383062645
91.30876569550136 44.426517647614396
17.690207088824195 98.40941920656248
92.73523820406623 18.4834447591805
72.20354121323075 52.687670281933066
53.03290114400772 52.4612733171141
13.085002422387927 12.36863010346989
5.712301424042609 82.56767534780927
25.27597565308183 41.107947653746514
15.045205159913255 81.21131685884636
79.93439250764658 4.708141598275317
54.943907789858585 26.012587119005815
32.90281381988838 73.19620366189093
18.090260261725533 32.607493364446405
6.45139532256247 45.655755225467075
29.040123929337803 57.24650425874822
8.085297428490513 45.5320346782169
49.43100792866444 65.5916721113768
65.15473058079942 64.11798308016077
25.093925655924878 26.944254975539973
9.908759867355045 79.8192223046118
22.68586582208908 58.97021704233787
22.518758875661504 0.6383463992096106
42.03954874430759 53.3049495374146
92.36704174677594 88.70134074547902
64.23366430776322 99.24301692818528
47.06508582762561 51.98973533522027
63.54151445139023 39.57651636319988
94.6261678771486 1.1116347532334703
4.043000575603395 99.6392051921951
15.889618980310715 98.55164608664384
78.64281025093361 26.815394425262596
37.427866056159466 94.69329224993567
92.06500568203394 83.66131685268748
90.40232150483669 32.50319242662684
17.908471009055248 8.6974347294697
5.16384968267396 17.883417113315158
54.08903572413099 63.02105763901062
75.53884733920027 95.06985713688763
99.6992905538123 3.2391332788649807
82.88457022260813 75.84928116186886
36.613976323334164 6.553492675095962
15.045377654452974 60.77682821787146
12.625026525599637 66.70613336940082
94.43227394750797 71.62301004498849
28.237808332665182 37.46842587171084
19.459811176294238 47.760429682721536
34.39889862319624 30.86377685674595
47.05432424028601 71.49806180105894
37.769213184653296 63.55025524364129
24.074269710624197 43.16509109792985
78.01642748387731 7.484108143965518
53.07251128916103 61.43533509039124
50.96848174717721 17.29843077207488
13.182287810294834 3.4850273899955875
92.14791497501467 77.72143604117154
67.11980516820111 24.179204021772016
51.858629494610454 16.684197741734685
71.52407999141684 70.65810272205277
27.27055281516122 94.85571996351916
18.10479850757102 95.72659924385749
75.00420431655493 33.79547783871575
14.696128804294295 90.23780720399807
49.389975586938164 82.77708331619255
43.01323799882979 92.69450077603692
18.46829129298707 35.82764969504472
40.59470175830327 69.66628247511063
86.96070573394921 12.79137687375741
95.47857707588196 17.55240500343318
7.076922012307085 10.897698413113599
46.11269492840104 88.31307099029837
23.71193442674113 36.39805102578
41.868938557562444 55.02145187550783
42.49748598396318 35.78674725195315
38.510562488503176 79.4284396457397
8.52202108590423 85.52188561136427
98.07049301133219 24.75447932666015
