87
49.84258862778762 81.42576329369068
86.01389651873856 88.74644592837815
70.04705259071687 32.52046924018281
31.038364611928383 0.20379937773152834
99.82514859697335 56.970125094158995
31.623455541046 92.40353493193801
90.51111689121593 86.36458164288344
19.618801931045084 1.9441365855747073
48.59736475343943 12.33287591340677
84.19847515882105 71.85761754298964
89.73373955684447 18.739286534540977
43.263266201316064 12.846898695114694
39.57935033418264 37.598592351723894
60.46026698040069 76.59143155201015
8.047187592495364 90.08800841153602
95.02070972663165 4.787689768706526
70.31472233302276 51.45516033580563
46.739797693614015 50.024340937116754
64.69315229475787 10.432903865523159
22.54009891485216 37.23563578328465
77.55921638330683 65.27453485462699
63.985391563882985 96.36445243862664
39.49645967607458 14.684626584551408
48.95193689921471 24.521151703916956
18.79365307074198 3.1141661235332796
66.96157282451021 62.973956685665456
5.017409373556281 57.60110194417341
29.92027040226356 69.14865468658795
80.97515197218283 40.392973770586
78.98450122709039 92.63055387577529
41.55687385803621 96.41501324898903
65.16362284708175 62.45003498589329
32.94755585258421 65.66032272489272
61.10969125703107 8.251752593092199
98.15572690602238 66.7984716316253
64.01341246453511 83.15444239540702
13.995562995835986 28.831200428686678
94.28357087025363 57.24043932478287
77.6966911847239 56.50199193112723
75.90684381712187 49.3689246804548
53.86407922686761 9.536276409916722
94.03477930294596 55.63091057577293
15.07900115615126 50.478272410065316
22.50170981171885 94.37008450189825
21.300208929021245 74.10093987635491
39.35816020816141 4.456142919643935
75.43270335820934 3.4949265075522873
28.66404238723087 43.92942541266726
69.4252774069947 59.84494734210263
54.51194965322031 61.78568159081508
60.66082350321431 86.94039623210072
39.0448755171884 46.20233420621782
88.09567190450393 67.32630644675194
0.416184909973627 39.91911568138137
46.90002946072952 81.70772029157848
19.971477664194925 11.654988209421502
83.6602828099408 18.569787380246282
65.00148777819568 90.48713932477868
65.18160125882665 60.044054510994286
85.16381981126744 40.670062263439924
71.8228459951949 58.760421962042464
96.14301550229 82.23818761940609
40.0695275263619 31.00467648639087
56.77146763921442 60.53476749882595
36.39918613859491 39.251678010749345
4.2685743292207645 51.29621985380163
91.31543410074683 32.748184630765486
58.491522165796304 79.09520917353194
60.126071383999566 21.375217440640537
5.867136616978497 52.872484292441705
35.30602144498014 7.885054745609055
53.69289799224314 36.82568969560788
15.84048726329147 45.43219605437867
70.02092777158013 74.17432144488383
69.09009069819973 30.156270268500485
35.65817365306254 40.392911622695536
15.936051702783072 67.58806084505918
32.924814512837486 60.87834412087285
46.7351111766065 28.821122392499976
22.55184865319442 20.9118120070659
14.287293770766185 94.62072915923294
43.20666344719306 33.66919330768631
99.9848755111045 3.8894377747909825
56.653602608438355 35.152616682489516
51.70654795560038 64.6825098576776
38.97286383344279 32.01432344364026
35.310627451233245 19.744579926534144
