84
49.474118406144854 16.528963907726148
15.538794251264997 19.1240332907763
18.8191568035188 22.764175437416423
73.98995993000577 50.591470145867504
14.50686661881283 8.746955356874974
40.93823695136176 8.987602072087897
61.66936534790055 28.48365033904137
73.31995025691162 67.80461743737757
8.211326840632438 25.154681651382184
49.51280991329773 42.89889507397584
94.48876568941107 58.66930852336465
42.4746564626213 51.04998287374001
59.66634645714939 28.015008031310927
16.464279038206044 16.88924782934851
20.454938888302586 70.82241705320946
59.877011627545926 96.79244881889943
80.038524791652 28.20971633892302
82.23189055592852 45.820923309623026
11.77291267435927 80.25920231313964
85.63605555278788 77.74656625769354
18.508627984702898 49.729351630680185
33.951725018180504 95.46338385157736
88.49913997161185 40.65696379969877
3.106905754058742 60.11965614980516
92.35837193118387 8.47055480217448
41.4797577302098 20.261133369944528
78.63889500907662 31.768888745693115
70.43345760189041 49.31851443145735
61.081112053451335 68.54715357045762
26.530173861019 90.60293901714881
60.57202261146119 14.138476520361397
74.31636612188055 33.57481756934341
5.825851148284289 1.7140850539480779
72.32704776042542 7.827623912129411
30.66635951360681 62.259940886131716
87.5125324306953 56.195821069402385
20.353083595663378 56.244522369689996
52.58061779037233 68.2013268573354
7.978783907490183 96.93805282193449
20.27814359507967 66.30799157211682
87.16654161712898 97.89915972858641
39.188943074884634 73.89763592655991
59.974070519851566 80.22629634447684
9.982399542173736 22.826650559869364
7.253889685928183 81.318508617524
25.496852040234018 23.14408430798025
5.161692179604637 95.61670496888854
82.23797731301244 48.685699905310074
76.94666295949882 6.07206866354828
85.49944033491717 69.37154107446781
62.343035631268975 82.55899019004593
96.52869597495412 25.189226830012036
48.1036604203828 49.17269305577031
69.27489040177625 31.669629967153313
47.175613891389624 68.14321586172156
0.5887469495591713 4.456411545466987
34.78092808443537 17.879724077563562
64.06727583183572 27.542401170400687
65.19056432824428 79.39461070738264
72.17730776274762 97.56805845863079
39.59703939744762 49.952229927537125
40.832234665225144 53.80633977929236
72.45378972050237 94.82824474077131
74.1291071922419 18.588899916576228
6.098060060226917 16.099415697757145
75.99686938784807 57.10530006140942
60.07929123927398 80.29669887303092
27.384691396671556 80.99688028042618
27.192373532747137 53.32684496290617
92.16034927558165 61.59370183829763
55.05007124229082 47.570046472390004
2.491857271492126 8.924370181721619
7.954581066936162 87.64613282729057
24.792242115114338 2.462737391825376
26.82596779486427 2.7598609358409965
25.61799163787829 87.70983747540436
69.82470137513067 77.24977297380323
28.48645126330238 55.62494053741521
73.17872480230577 71.0197047848825
28.23795038590735 22.099227832457924
27.205203423043557 67.22587295159884
15.409320333807141 63.87075421527973
98.80519042319827 3.0709641918745256
55.010503597053514 79.32976672757106
