88
83.47407311263389 59.61375237967207
14.585432197121207 41.964440434329674
22.0216994662931 6.838290424674476
54.065234265183925 15.055141180804066
77.69405455880177 45.484700266647515
74.28348562977938 31.92379790935288
26.019159311189256 62.00529389927924
77.16414394937252 62.77904441641377
70.50682006906443 82.51092836420005
71.33471395222166 90.86826065059734
70.71392226588452 41.82350917929332
75.65515976906777 30.626736956518975
47.744408741733956 53.99445729355566
33.034048530487595 31.714161769329795
20.840549726368817 25.119719651795137
15.883835716824468 87.95214052504812
29.616535530795616 64.64580537541073
5.28480712778816 68.01236026951109
16.640667473407778 96.92561281093364
96.6953182576757 84.52730577255105
58.76471695517228 63.078557359413345
34.475364503285554 34.58064030265998
2.9278176646989396 51.827209225247785
2.7314004123974334 50.236462002666514
87.95855865449724 59.44748427513456
11.542333067244536 65.15921181596569
72.41848206129895 17.338307348990966
44.81090638148157 32.50121780422055
35.74473471837525 19.647090125557277
53.58382046095909 12.024105108760462
78.71338443737585 0.20623014226205383
80.24801463614779 72.06460283167016
64.26944971677408 97.88106289496974
36.7276201892539 34.025160957223854
85.73662210782447 2.5376363780001188
52.98749610863055 47.543048314914735
67.43893527811149 7.707126608164749
28.643269721947494 23.736539149436553
5.989262497991854 65.19818603724391
99.01273994661926 31.10873026666009
77.74968856304986 75.62674399229782
0.8328851131810366 60.10401115735633
35.37637545248838 1.5390475602626519
8.429257543127521 37.5099379804704
7.470912930459129 64.62991755003314
94.16745635479482 53.18380370823582
78.69240525875915 84.13240483244083
93.21370339072513 22.233668726498323
50.83868109153165 71.89767026184639
61.21633887338388 58.01558390676402
98.38145779673889 34.23982808505046
96.54481556714585 30.504219827801183
58.685622334525 36.99234496529077
87.0690511607074 76.61093275487659
87.26377748257849 11.806891716653212
16.653515798948547 19.987047300654936
88.90087450472977 0.7279891224860613
63.5345952812805 26.865498760689675
90.74313527985372 13.053258269387014
83.19686096629886 96.60886751735231
60.05608145284012 98.67292508560762
80.12579500303603 61.9742536932449
31.616036580672624 6.95869869755138
80.93146435657724 7.43233494321156
53.38015917205981 20.397921667002084
20.696118240114146 4.428442040569669
3.2087166121243405 47.15159414675614
34.32134801385608 18.346620058419195
60.581839297062004 91.70072801016399
97.27852721225291 59.98342468674274
21.62848895127656 61.44665109257424
11.118053682427975 34.37159798894245
50.30170485754574 15.21271988753533
56.48384485198981 19.803188131044656
26.617881956281806 26.074756832099244
69.62098248499782 0.5375730079706376
27.24063867932428 51.065747005054455
45.67231101123072 50.91604410548145
69.94059825528267 37.51578545125949
31.491090213860538 53.579660059331026
29.068806151419135 18.216175952639023
25.614408127016365 57.64532584990487
4.40076510887083 76.3160848802438
41.90495004041585 70.91924031750024
43.17898696810031 15.811960280923865
33.77958348743893 62.500585202209116
27.470447851686796 30.352933462435782
85.0537612374121 15.197496376947983
