95
80.29271323915377 18.9778894979329
34.903812533778556 59.45368170315284
11.09771487329767 53.85470969242474
98.13716293809713 61.41528545897109
93.21737926334178 27.644517541976242
88.21803596627632 12.16233319029203
2.6088734711750883 29.17065343894656
85.0395584843217 32.41941725920589
4.864213163070463 40.07799179582501
70.1644884195341 24.152606129845257
82.90137780560852 45.56950454162523
26.784173826947498 86.87563167479827
34.57842873873148 68.74379370914241
85.66063197761234 55.742429401300384
57.89178745686632 75.17054070894133
21.47679929896634 69.00972666123344
70.28255127493351 39.846193885745926
31.681343708184663 25.56314581424015
0.3248648748492955 87.36628078067604
19.920677734525405 65.9102456844916
83.97747474709631 2.9406000576996494
64.86655893255656 9.467385216865265
15.408709233502016 54.46107656911058
49.80056735188673 53.4642598630942
43.89557099724334 37.1182370332759
70.08578555567256 57.30014218033715
80.13180560250217 11.24632955756011
85.4919537972705 46.28025898803083
92.83855159439199 69.99814415357636
59.30914402196107 40.08411321248455
50.19060681988354 82.26950830089488
75.66330107117474 11.26819035109139
92.18276986887768 14.43921211990784
77.20317366710691 13.269685517015017
51.00937790655811 11.397714768192612
42.21674999719253 5.015541244248789
52.162925459871204 89.88078502086069
17.110085591538848 42.58392550184151
74.59130612065536 31.27176231352048
82.71483024988864 13.412915881524423
52.17510415368185 28.36651541570985
8.228706782476491 24.003126211766514
59.8748877032893 18.58493746783212
41.36792720474014 1.8337400148866645
89.91680330899948 17.860504170783397
7.756890578504971 49.18922332669064
99.58911609391714 3.859439114925922
91.97598613228276 38.496364582849765
3.5234460104166088 2.586000679347167
46.1250764407523 20.286569608201987
23.690674477520723 72.66167438630539
29.60027684759855 95.79340803230599
69.0602439865244 34.1999257486877
62.836191955152465 38.0557187521164
32.23377714138172 94.35411351081163
72.8977328997153 30.273104468786084
67.41291023792105 36.12427511287042
47.0416358702456 81.63255482610494
76.44427089020559 62.74593659680702
40.87840422406595 13.793539063781013
18.291494523047792 99.55368281348007
77.00090013440726 42.16978881811356
42.77010033952614 47.144818956710075
30.192672524513497 16.223626355990252
42.614906879008664 83.26117773999404
83.26125692035502 49.03129766747194
22.04971672633471 11.384085239033093
87.29100279941984 18.042592589872086
60.82423433871772 21.816355444360546
39.5636008932455 75.64604544374383
63.44546248737413 83.35314446921969
52.63727289649618 23.93669721038719
45.91143312567964 84.37870361346309
78.29668923908376 2.1722661242894903
78.38040599736644 41.02999787063736
16.050719588968843 34.2765675035808
40.83490069176051 23.397097708951154
45.5705797224514 37.784905395617365
71.00595870075482 10.77363327280021
9.2305453705817 34.366251673672
13.214374463794476 65.20143224453048
87.01023496624072 12.138447217482074
79.9162835496109 73.55914507328816
19.107722819200923 65.9456604122173
27.565530120496152 1.4450959373315975
36.04273337691747 35.676293045638666
3.3385314022629453 45.1780727347044
78.17339846256971 43.309832700671826
13.237253930548487 47.12541566466958
79.04972957509945 40.97921272000682
46.17119070749499 63.786327581823734
89.01605752339883 94.82603773457906
21.345963374086818 57.2013945989512
37.77759326491217 42.93412463740538
50.615071029300815 58.913772876020566
