97
48.40653987079448 3.793919820265357
0.4208767506898359 37.101698740395136
61.432775167775254 55.620724766930216
99.68958645948176 87.24056475510004
95.79729388082063 16.357563108724815
5.222612200967491 87.39289553244812
55.074859833300714 43.60452076518172
49.375328322096436 3.6682004772205845
89.99787013766485 52.911904799113884
10.046514178328092 87.16505933000485
29.612919449224073 57.264795561595896
19.900326866415487 14.088369109087528
34.52273033307796 62.9339733177789
5.316490142118413 93.06768836570956
0.43609140988164485 74.9428425514672
73.87542643293057 35.82706985208206
58.11465628568712 17.15595801387422
91.68450190096212 69.53985377930125
40.788244712215324 42.170157271034235
16.37459611740666 47.059908317671365
14.114846967468253 70.24295031292196
70.85225666091381 58.51388559492171
68.88153153476921 71.53032397127683
23.427190974572596 30.556918410817737
30.351801184340687 92.91150623062754
99.38479975406888 92.53101817875118
71.21948632568407 61.20507137839984
13.642085201574117 38.395504954856584
36.229455980658706 90.64451840382945
31.929904952504153 71.77619920861403
79.21674853012689 44.719716160777224
8.219611186907926 21.870156814148455
96.22897776664257 62.12130618958177
92.72879109623966 5.308664259640339
52.77479929488086 56.909452711566246
70.03395046764767 94.6601048957548
38.797585301043235 55.35928920989508
65.95978803570837 73.33184450145396
77.72196060059052 92.41166822873811
70.2047713421043 83.07932250772653
69.12334877305351 55.88726469262376
62.607466265026126 33.92147814365109
46.311402764705356 74.28911727666868
66.4601537445723 16.83397752096677
96.18832028790413 28.458408011258662
79.42473789829616 26.820663262522892
34.04070748915877 53.13524252234679
0.8018294188971375 8.357755976101478
5.718039002248954 62.094438649860095
4.239711491898312 33.53559233320513
54.044793327534094 48.7216308036959
94.30233356596254 78.63016030714222
72.25634388439313 11.133724577707794
20.207926887137727 22.382150293721782
68.7073397718859 21.592111811368987
90.69922616198848 88.46694164871724
75.84841067143408 86.47725614796062
82.45160877911705 93.82936852476954
52.195876554993006 94.73275494791014
32.98076484842058 67.40249446311962
12.202687913793541 55.607595019132596
39.71255446337244 42.77030128953743
85.48038423928043 73.57563826996812
18.997641860077685 65.8998384494276
49.846132933724405 63.9719746321705
88.82846030833095 57.118322092535415
32.89112464907924 33.818585771353625
16.975411256232054 97.29437985921768
13.038846406153526 16.382515802453877
19.927954922440904 73.50602701468858
87.07958603165405 17.481766458379866
34.26201768623363 44.046764634472815
1.4034183470173378 43.685914873187045
66.69787984820884 67.83920749884163
62.79724132949649 33.4569757124028
40.63645610341222 21.296667895513156
48.265799860246126 29.356954821146843
41.962357777436196 42.309466488598936
72.88183752742576 57.83237548814058
69.05332451913696 38.96064016568786
45.600215398418584 55.10090882984105
91.18681075627238 35.205922735507166
90.52266971650906 2.12097789943283
21.019681680603686 8.652686487407513
33.72778887236005 31.661674481346413
25.06558425266666 7.39042885830764
73.02780365355018 57.937428657843626
80.68058911613214 68.6723857641297
42.143879198802146 50.25394209303201
72.68322198335224 10.194522410200356
14.642648417098037 14.56299210967118
62.57021537652151 69.52332173716536
25.12801678706007 2.6128046321947873
7.669996770189758 55.25171501368155
29.67530448379304 53.279771789309116
2.9197276911265835 94.23572538580322
15.982455735358393 43.76698995298938
