100
28.063039663544732 81.53264461698289
63.72287459891841 46.536963296840064
63.817205548997066 14.632798821935767
25.838260878891116 12.698267229416748
98.9633214685453 16.663018228643445
29.542748743854396 65.88045297533525
11.97646294392285 75.48890674123763
4.622942458036472 37.30106531415289
53.65943793387563 92.05888435262813
67.71441448329601 35.595317715152966
97.28760198758546 53.31050202304611
59.70112887622901 20.623981882835086
65.54327614766297 19.777208592745076
72.14333445283839 78.12796371497564
54.84568475656083 27.14522998720883
82.90504457223231 58.86599423569665
60.55494116470107 85.8856294952505
55.91023727994644 38.35230581598778
25.03651660140861 62.42767722665522
99.34883095359451 90.17972726569033
43.33764189839542 67.83111780064083
79.05562292580399 91.31775597041467
20.0934561586667 83.52387649495753
67.86372438754343 18.361578401861067
1.394684107137445 59.23834444525452
3.711993458174312 57.625633644743644
13.444022035422554 54.016820454151826
89.91634978219106 69.9737968538921
50.58939089032045 80.47437790387211
54.2377670137528 59.8861475411537
74.84007944348531 5.892706567516215
67.51706884321581 28.482992212335457
68.86662978567401 93.87335660668705
28.864827695120574 94.27919118737758
58.40832658028744 70.82522311930181
58.37181593991965 2.856689392663103
80.74552228293548 34.71667378630534
14.817599082074906 73.90769115160124
58.6845319394476 79.77075597676397
57.300144618599916 6.524038812641519
2.896262673935601 98.55980605650443
87.56424331140641 33.20039413691488
99.61191235602107 77.59079424118734
20.865605970412183 1.7410569139208687
37.01287274338965 11.509350107908844
76.81305966094399 51.70848832103626
15.327259067103437 5.553343749582584
1.746605903851206 76.72186633521271
34.477809887234734 6.502816315327098
57.77971386287087 49.10459960753304
28.14671903634701 22.70443704122832
65.55325987104959 52.40088749804632
52.10716412819214 43.90271901670173
21.165789948350877 87.72986941269696
63.16804767768765 84.19714454973125
15.155880798831422 20.083920997922633
30.832191765179296 95.12354783209946
55.11046526450555 60.335922021209
67.74445365062559 3.7399678150442983
81.14041063578198 12.043745117459926
76.14948779505593 84.29296245810586
16.336121839695938 86.13042701679198
93.1638112935 96.49362212637655
85.53756189557247 71.23133925513517
62.30602462551562 12.510732573789218
21.19170735605975 15.714305452900657
60.891975755903985 51.76975261292582
91.66299194326174 96.80872018892165
14.734222721103684 88.06416989950962
84.90342009611396 50.2135206715286
24.98950724742234 16.83715366494518
29.44037792329901 24.330439051887677
16.03863882459344 67.70564041512839
51.35933539335191 15.45469463922725
92.35270039269662 19.280652618338113
27.651347149297266 41.48969748512783
48.757873469312585 93.53670133320482
92.34087046566535 57.36558409434458
30.33002316074922 36.672514995578034
13.696090071041011 12.481475770918316
91.90411263114476 28.05028068400288
46.69187593500752 54.66648796611525
36.531655963386754 87.69385168008998
21.64075478147366 58.75556156360888
14.322198727773072 37.34271222348418
27.707465078327065 37.16742039985901
59.777631103828554 34.06435568203439
77.6111189171364 3.0430761881310664
78.84340532992626 18.796810805145036
7.573049620904171 84.80384947396587
75.99537183871308 9.334235156184878
40.08989139359854 19.847233124632268
55.24316252578527 98.3474007547445
36.24731130525648 23.001602520591046
3.985108366416157 96.66337982354543
30.375341105272447 52.485460431004626
1.7246109221995765 93.25163442277888
69.0870846700755 9.906510367754374
3.9819951884854987 76.23755834518296
64.48620601626449 33.79594307102377
