99
80.85194536705379 13.54250949669793
52.78506661543817 50.08875166585509
89.62990762095777 52.95021961113358
25.759368296993834 69.46993353924137
78.09250973165443 24.700431388139187
0.8189051665356106 22.49982104098036
90.94685970790889 13.570731291564053
22.74065002976987 49.05738071147869
42.05608399939656 54.85842503355626
9.160628207564303 78.49276001046309
60.031611819238265 83.23200060642199
81.21959580594249 72.64412639588488
56.42467413668941 84.2312318462995
60.49323329638368 74.93977102688038
54.82956555811012 14.253739125850728
24.135065231567488 11.67345379425112
63.052611442943174 27.921511826525226
72.2176049958674 12.741282276064947
75.50878238509891 27.92606364578577
80.0797666725525 18.27393374549927
38.87198275096216 20.778318434325005
39.95480104955026 46.51432519625026
13.230754946445778 16.802253474590522
75.67053290635262 27.50328826365278
83.83138392243168 11.106439836151383
2.9903520114575755 99.19424661234933
88.21820475593944 65.48448475135086
83.03430179771053 7.830183531464485
83.43940819812731 57.955175680912255
66.7333961349408 65.92541437546595
87.2774371156968 37.769144188024384
69.27323394914407 50.21448379307972
82.03155633466113 48.4210767571285
44.53248053524508 22.21190338756468
70.1765132127987 2.5772387217716353
55.18977437646636 62.58303583681215
93.82493799494111 25.82488612771947
13.52541050591154 58.17700703880416
19.605683618446513 67.5407613436623
55.126512271767346 98.89274955616342
59.63704707477828 75.03257266604885
74.35554297087366 3.897903208459652
51.850501729745055 0.9422090394316407
35.856827401443915 12.47159679972395
92.1577201179989 29.327286408532004
24.52025630482988 92.41605905974454
32.222824829362196 49.66090269582132
21.0749639923677 37.95412320342152
81.41588215156045 15.050225576789078
86.87718371058813 79.79480426939489
62.617393076837836 13.495065557263286
25.120194488647996 99.67911872590332
89.96122520572459 28.291402039798363
52.134911599060054 71.55547645643848
24.543267610534357 85.32997605625813
57.59404636113465 51.4656152819762
52.187402529484864 79.26697748871968
65.5766592418153 6.187339497586564
94.50969913980552 83.12677628528276
9.380622104911552 91.23370131684526
88.30828971308297 63.026016920173824
87.05754037162549 19.32473388413163
61.2684919973248 96.20197701721187
98.3910127068956 58.78005827586065
70.86384792177527 81.77084344444087
80.05400268980056 53.60333013206837
91.90399564390809 95.44925464600806
41.514342491411306 54.6655846237337
85.91954666532871 90.28516801594652
58.26563237482593 20.621368339275303
34.38566931880393 93.37933297612884
33.068973138531476 80.12435757960851
22.3962325873692 87.06970980206395
58.27467041549804 47.03882859926166
29.99156393839799 0.7793599897208403
10.533199387750214 88.06581531472109
3.614178260875156 32.790774983223436
0.03993616057307303 29.703204858351427
7.980233967005679 8.419791686731903
57.6308269611946 82.0901754372645
59.51930616974791 32.37864897596773
29.71591622941756 22.104838931329663
14.825783833336036 36.84250934468808
10.171417400630457 16.194925035039955
17.34107000665972 92.78921687785716
66.16788010018695 67.70609502632674
73.3779396395121 54.72081909833493
60.83036118305867 55.237297658128426
32.057365702637654 37.38881775080285
29.965399955991224 27.043513676167862
82.89591025687393 50.522825991460195
21.42156395645899 83.89074108558833
93.91754765445877 47.344050798173484
12.134236618431526 87.04477173839655
2.463750796668618 2.305859639856589
37.60652797173323 91.4780586370758
43.09523177210395 74.6333493518379
23.256840910504827 30.121183358582925
57.89789288333908 64.68376694415004
