93
47.36525633220842 42.8581107622807
71.19202892733605 82.58468157655507
29.565331750985358 96.59460210474752
9.523714772793468 5.691604838154129
63.212994257044095 44.10177796273273
37.95765336955541 20.497691853589515
45.632913739364845 89.64577025423591
10.854105287369109 12.87173159095454
17.944124771127335 13.32345523342634
23.45028000514766 43.784717238014004
59.265291924207474 26.354331003853517
20.270514327981047 35.28486056945629
56.586965032184345 91.49555695204785
77.02314877531786 92.22543079001566
99.24385338792375 33.46098489285261
44.095642098711586 89.0994256856587
83.02902584172502 52.85950597400048
54.184445569657704 34.05146448865861
18.425327247209864 48.64487366035897
85.54284451551155 73.32718364793328
73.9156002029155 0.5452616876125749
72.74002160694162 39.206794505202424
95.37267869946334 68.43260408183077
15.786464067871764 62.50519995652487
44.7557982047732 17.725076396682827
12.387778203705901 24.001502345366145
34.5963285417476 25.23918600690528
79.64533257811695 99.3240597901871
3.7503551790303513 70.38457689476297
51.02852996155938 61.19022954344775
59.706765426739004 78.86601759146916
4.29809696228256 99.60768556143674
66.42435701327355 47.36283883500594
71.29204469008822 28.43562191868755
36.31938202928558 57.95052771680231
39.331216341021815 0.2544403620738267
11.312033784531883 43.01510068976832
82.0279058775227 5.671756427317753
2.0308564774893068 70.44317586577206
37.03232941177965 40.59025258064239
9.435440754572344 89.02655702084334
5.822207300567683 13.905610112838318
23.71076176832121 15.833675566437211
34.296736203414554 47.688577489427665
44.11725146539823 52.5123134188226
55.80870730726264 83.57759735813931
2.776690317889008 13.630538618725597
87.57322861515794 29.62915419387755
50.778261192390374 51.27864850470857
87.21379721831556 60.79048522360071
37.00545040018547 56.373900046670556
88.93974947118308 4.979636169394563
79.61496565440423 99.30271916766303
57.87739007960434 12.09984734311843
93.66986665674317 72.48893302711848
36.90529496959512 54.630513894963414
71.08024991660145 85.75513457190931
41.59691793602591 38.285983153260396
29.2585389992288 14.007885272332409
86.11632552775728 9.767815101460464
45.95135647746578 1.0205828058754474
87.508333807308 86.01474770176176
69.65306738763263 60.6127652792384
15.559335709477395 28.60685545568832
34.975911043803734 79.36226954339547
48.02820222966137 65.1451999652928
43.70751065631065 78.35710223090028
79.70107233336226 41.243690163729866
86.21948112814299 80.14784983072958
1.8252318728576356 78.40099650537167
53.36735354288139 91.96201007556208
63.29997968581239 38.585690778841695
55.902831267633545 77.48685298684843
57.006276742442196 85.96711123684214
54.55475718287386 56.442079892384214
34.19197025333276 51.344155861673926
64.18348550584959 96.84029786255805
17.47356934647174 3.2392460096800635
65.97907332381531 54.12128049106622
3.8795407335986076 81.25011992153364
99.25259759934924 90.48476124519532
58.24371140138247 77.17972291413122
49.15356091101209 16.99905583729946
59.07371241296171 70.51505070174619
15.144737652650065 82.40160682518331
25.260966068994726 52.67510271429388
30.042450378564446 51.12715667303325
33.379922433453736 41.785788336699866
36.80453135911693 42.919002656698865
78.96318874857738 64.18781646363946
29.519570722524847 73.56823615066081
49.809396952744734 95.48684788969038
80.15609483019178 10.09708238835475
