101
25.40076350140803 91.71789397361705
90.10222871137208 16.541299366096453
8.380897870771031 13.699913090170067
31.955656801458467 99.27909677473805
40.78715397361289 55.276559723311806
55.61138951133765 99.25874073524008
34.60788698199197 91.8624676386574
86.75960393209992 60.50977961384467
47.56288109096265 93.13132844837814
50.14379356054888 5.166207358516106
23.453410772089168 12.601883117344814
69.52835854863937 40.37138058361891
72.1489832667322 65.7824102406517
31.09683970983408 14.271427820424943
65.8141296227545 37.05614587201804
8.214221066627125 10.834628950401626
77.82745932683038 51.28395859605166
12.315746946714146 42.6640504262173
8.360825575764885 52.041697793692755
49.43305153919621 21.952598402276593
48.52172339310704 23.786500466793882
88.18462206379299 26.716052363239385
75.41157846334167 97.4573754706024
22.852899917699474 84.28470627759683
84.16547095607498 66.87483527584428
70.83131316817179 93.12126304531101
14.54461663538613 85.1579676952913
26.15703447557447 89.29142569106534
97.08534778599768 48.31390257770739
14.019194429629367 12.571661430690051
50.37464994827134 36.18422651854011
92.96579669214113 39.94741196361683
62.76497721762722 5.472937103460285
44.581977840588685 88.54915025280754
18.891758001614534 28.472286685904223
51.52215550673412 82.14082767834276
58.99250382490537 47.85916874158397
10.914105091278026 86.43357092292486
23.015630025858258 24.812402569666126
15.246079880178554 92.28360065554237
51.64982746021568 83.51008718046727
94.91716656084456 66.92408962330373
97.40325040043115 0.5722973857930969
76.74020503258042 30.332734112736727
96.96082568499277 7.212776020970879
1.9341921355279124 17.657770645177393
93.79870672273502 65.5410950626133
94.13930902622234 58.64888674505416
84.75848836850673 84.02266521110926
41.46067921463017 41.60145996915933
30.011543000869533 91.01851918206141
10.088176022029337 38.97868137671531
34.0571310266776 34.87177289457668
13.35827238852081 96.8917172630296
0.21226861642533734 25.735641005919042
16.782666805279156 15.15717811040107
95.06659601947214 69.49316629086145
1.8605648171793776 68.7132049743602
98.1037768377546 11.155605625118003
76.21788038383343 33.69592267588899
65.83389565186633 17.53937099920059
0.8150823077004876 5.890345413627918
47.40821361865343 94.75602041168291
52.31209887723093 81.30039980849944
86.32730528989913 93.37893763035548
0.3279464151322853 98.07367269853948
23.718013851582054 92.38074659880382
87.0456697390609 81.33795747239475
50.21331476739132 92.57009729221858
64.94837159434061 44.91259668621793
56.98362563185698 1.7782015209593327
67.21175410824661 46.39292212711319
84.73903986094861 62.837500463710796
38.33262883932029 27.13177478344543
36.51277846763157 5.413377446085654
24.210346579820218 85.85456291694136
20.914182610614475 73.58772893615914
28.986758739507202 94.87942047904237
28.576148263775114 75.45578092819116
90.97764809978291 80.72055186038828
31.928690468022513 24.742415889608736
52.23663927295643 93.49817968210658
82.09338444070032 41.08503827877132
0.15290506460533537 19.435744359068686
3.7136442591368057 83.33667202546307
71.43608979158262 63.46826309743512
83.05558018438127 13.462998512000823
73.42963073895858 28.039344537314836
28.169386894286763 10.841262717142342
10.320155501998507 4.990411252627869
21.49945284088657 81.41505121931908
87.98929318451052 35.386411902882905
89.66526026299259 89.68057802032398
81.47749384857599 95.01330677356073
76.16411750771289 77.41327697732233
27.600409996818076 75.7882479959996
88.01861709286847 7.619361224758925
58.28060917053974 81.08356239345062
48.03273265588865 30.337235876586732
86.18668683400085 31.471254359244384
64.25879150722459 52.07965775923987
