98
81.65132133029594 56.619148961750966
49.59870717749093 75.55466555253977
1.9582814745921717 67.57205934750117
61.32493553150296 46.457540976767376
26.78842447997052 34.90995261209727
92.9561585403345 8.508029117723515
13.005453016474455 0.6543643183317571
55.7230288190992 44.44480816816441
3.1334871910188355 45.149611214234476
37.737305928465005 24.33571374269673
37.06450080799383 24.87383946388776
99.69039464415154 97.20977878080467
80.75182036501228 10.149208419102973
2.7662371824531906 25.02449448294708
26.3694807276581 98.03210252996463
37.79604547447158 18.054932766718977
32.2373156028454 61.50357435492712
48.3587072379259 53.57134900263534
92.32274311584901 70.09275452352199
35.13310732235324 78.90479162215225
27.939201047735796 67.2169142127386
63.67211521566269 44.69444243276448
98.71902705920692 16.492194303800567
9.55899716962183 88.22955546404633
55.64090459288994 32.91817731014959
52.32806943929229 7.919910996095226
56.62520969556258 65.186665874446
57.54561965543621 73.37211011348481
20.585163683458553 29.686580020775654
47.47961664585299 54.2762031324252
88.52203429473124 54.40836671205024
75.74892126332881 7.574373903385934
96.85322100799326 79.05540348599371
28.837832799392427 22.102684382810455
91.71473128533857 84.20563217309795
50.78385783363536 7.064232209979049
46.22199405700853 28.844724314289415
21.943820296491488 30.26905443711012
25.392342916386447 80.56292023085278
24.152305627401518 78.23497010709164
1.7348119577136334 73.03783751855342
15.900964433463438 87.68871421631133
80.92372031364583 63.301660215551024
31.512495716956412 45.906049168463525
24.0030975264647 79.01813410079531
89.29091800495237 95.51083611879008
52.24268520678768 45.53156631697536
43.52800230728303 31.929534795967584
88.07422349213311 78.0487119587689
17.735642461938518 6.485039633879131
7.532619038136379 37.59234396647382
33.07762382493299 86.3484350785737
77.7459953277951 39.24693363668547
54.59236430832082 61.95959479820704
62.18734246543567 60.37201570714692
11.705228617757902 79.51744892867768
87.27606095621128 13.264765616033813
64.09429983396433 19.599724270824282
24.675653849305046 54.07612472430646
35.95670127961987 61.14405696296904
59.482778314163454 58.64699191090984
72.55938505665334 54.01246228999763
99.60063847194992 95.3634942503982
24.55340886649925 97.5095120391939
30.15569194971054 66.95987238786282
25.092512086575745 97.97448280575996
66.8399632077026 83.52237055286272
98.87075900277135 74.95275526064894
44.142739881235784 50.120233403064475
12.489213243825525 16.542913649291492
88.79851749586774 95.46220727010348
50.962531283613565 41.69629804682857
81.39319083930913 95.25473710167098
89.95460788840785 20.51275643920023
13.381756964730208 21.670981532012156
20.79449964264004 87.26490216205404
47.85280986669189 21.076501340449706
89.72645222572851 64.95099099303172
49.77348808906156 43.89429476794023
10.28565634969758 91.76339620380493
9.462625880386044 51.68843125900791
88.64180380411389 36.56747403506488
75.69934544536352 89.45807949687129
28.512185048088746 81.34313189390431
68.92455138094994 5.117235163633782
30.00483428313404 63.81211787839839
88.23866786892944 92.59829205932263
64.27173972644503 4.777041278673644
33.90262502139756 44.17214273251419
74.18017824992538 3.224712446766209
23.5481353104814 25.16193981047894
20.10088417417607 56.53422458542692
59.67514776154535 53.45549557520801
83.09551547337053 33.94514553569814
18.720888277815096 5.321028987124354
42.19282284064245 47.28524933950749
98.3583121894078 94.1766299492305
12.924387231858104 79.67556435839504
