92
59.968342689994245 15.799442101170413
77.747797600404 0.8921271867196712
28.8878950210241 38.099029306729825
82.18511500938757 72.16690783605479
54.23756089442633 81.35954554532076
57.563340720426524 44.739033736961986
17.12964225448419 91.83498743339483
59.858927830599676 13.649139709695291
17.862952751565686 80.00199646941734
77.92530963493849 94.47484516762572
91.17478180130118 23.38327162586733
39.572738928403794 34.11703163026324
41.394378761454306 89.41984217747122
39.22286781952443 28.895935768670466
71.63478740328641 93.272067308141
45.986166219109904 88.40018988737937
97.96345377326622 37.8116637937043
46.13743048203143 17.15160321322191
57.31413266666048 56.348513738761994
94.39698987242828 52.812610753842456
83.57795156440562 24.92106323683766
61.57064514497033 38.55851278849302
68.07037893074798 11.630838803134957
97.02634072387201 24.866099435305323
4.533477712752054 80.18448729583749
22.404216387709397 76.24329184659673
28.59607897336368 33.43160670006784
77.70506948735225 73.94502531979788
71.50012713137643 93.85942324127838
29.78386914812684 80.2400091876064
54.195315431757265 56.27252766524364
56.913466301554486 40.841514524454205
83.87485791036707 34.51651038739768
11.969922577036396 30.28374044990787
49.512908530467335 95.93604449071277
69.02362562865895 46.00132867122139
79.17198179434654 84.16850203791087
81.15755668774602 45.325810915578465
76.84768408792382 82.46452962509335
44.44209974541643 50.99302520990736
10.136005879631405 13.007793261918344
27.53300617202101 52.12515070223177
41.68515973341289 21.215756103907633
22.946316712138028 76.85866417908356
4.344705863251475 76.03448873912652
45.08103962739369 65.63249534990486
15.15472207273345 33.72926813680991
57.34161926670508 36.93422966436268
28.432294681837178 47.47570131043398
91.31030460777276 86.90681781275138
24.938167388239062 7.687944412215863
5.711715617212421 91.79207523732872
74.67631308246348 9.029682897678493
92.66338898864788 27.7361111942919
71.68591290614064 81.768978783366
67.1884027323427 44.31318489172621
47.453131087668595 68.32084567441844
87.23653034922305 98.48631703202506
81.07349766646635 33.657319897936624
85.48696376253243 91.14671721212405
84.59978320253465 9.532113826529221
57.65865748626493 35.84761048892089
92.45911163865169 1.6088377456580427
58.850212669252066 44.19912202882538
26.472115986327726 52.226577440061405
56.96242871434275 13.075112308049796
75.74438901753541 85.41621008201672
84.94178579218533 39.46941991614929
37.918229244868314 28.13995268469628
26.10121105008333 12.033340722923292
89.48787065913125 13.626504615528068
6.15217568731552 0.6430724413365341
22.417274486853888 19.405486898856385
11.224110148412269 3.4317211983953877
63.174765915379915 38.152383456513206
71.5995675308951 70.23178083439363
32.817126189330224 92.18601295474498
90.97242586516644 0.6715125480958983
35.88746834300982 15.30044500020199
94.44020175223582 67.92426892021123
10.927851622540995 74.72450657939291
40.62941582820181 80.77277338658737
47.35355140658041 71.35801425464268
52.50698839698953 23.688300269402163
65.76582957173345 73.30061527788433
7.914961419044497 82.35873738469182
96.15219172630432 38.10300439334162
38.81613524608084 10.856797789153848
14.420367855238315 42.36944419290904
42.433489427298944 80.80969149485557
96.39953319987228 18.808472099678532
10.964324209828058 77.72962854808137
