94
95.77516313534711 48.17037578279931
12.900429101386823 96.36510797944459
60.008247000180305 72.15023843944893
77.04396852077203 63.825704822376416
66.34762012747174 91.82117789895302
96.03624258709799 33.83699517372156
82.74745234939257 89.97533756693767
86.64484670558362 10.843529725426427
61.571890462233846 82.94568275406769
20.562202862247826 68.57785789351354
64.14887134669978 90.91454543038044
14.571075049741111 8.358336241007102
67.01821900819948 27.33644022170725
63.46649854874159 34.25670810624227
37.26671055042851 58.8679723380906
92.7472931418454 19.52989136778931
5.076386191318305 3.0255058781883615
26.789433519499916 30.618488526036636
64.7770880022308 60.369757458416565
13.696762105546245 90.7521056375234
48.05200874315538 61.555046423735405
54.06123326527378 71.48036963105714
86.10916518604674 15.663790757972674
35.02699401727358 91.04426883055534
77.69047504245185 7.8268451839906605
8.821674710105597 99.14876120224919
7.32446634267988 92.03141679491135
91.78056976074089 12.37558338402247
59.38305016118881 3.7403779072761045
5.368807244739071 25.10500934565192
12.126467367448711 98.08519776148923
21.982047696663866 95.3412877335499
68.91508006506969 57.33771922039402
4.826644818949455 63.77678824693545
4.335897635440144 20.204589062289102
66.0356324179 51.134651531749675
84.07814061921765 52.27691695945258
91.54717996325947 66.91088755168691
98.72371926172313 82.64654908013603
47.00079308806633 76.15056645260417
92.81268966604466 85.59727277773979
2.9272195236198284 87.52364706903154
55.56308093911076 87.90467772830412
95.41189648487112 89.39719564717453
64.1418919806464 59.72756831900401
46.068514699482186 23.32118200455807
77.28939689970142 67.90293295322827
83.06144108570474 77.2856449318653
63.668903147241195 58.283739851238195
51.206521187329024 1.5220832798547135
72.88159084550719 80.81769586065491
18.058032326543216 90.95449274161922
98.72774945465267 25.65104958033824
40.93350882902508 37.018610444191516
12.84731456939423 66.22019293772206
3.689380557563937 54.51111068259931
40.669205089809545 29.270185164736162
14.583974256949194 9.340074670956799
46.45296800880949 42.40034840360056
14.987542604922544 23.286019162293158
92.44912266634728 31.882378356052843
15.25727723117959 96.85663911355985
92.3082582885715 12.292165273384082
95.87015279029706 98.81216922668912
46.106455872016106 69.89076569706569
22.98078715911418 38.46487251537383
92.06514788476521 18.834210448824194
57.50590867277875 33.83828452544848
93.56777122407442 37.270636978026886
64.96406196511671 67.89418988628321
2.827345449517349 68.20161812823336
39.56557921657947 69.34507374151411
55.888122918206676 94.26842905629165
55.36008325101079 33.585851298779815
8.243601298344972 57.45970516748379
51.2904193900097 77.95632163455184
74.63132938284863 72.91681288916618
9.965035728965033 25.26096719734917
4.288208098666102 99.75158322284298
54.006893641230256 18.95846167399079
65.81493591654406 51.709584879323444
81.79065130175948 63.48367305454954
91.72360564101112 98.2967221992711
35.743093543025495 87.69894046281233
75.02596250649715 60.93454927782391
97.48984225136275 79.28264773795762
50.51914020826306 88.42736212686367
43.28124825748774 43.01729136547434
54.298058468692936 8.039404650112946
40.21450541790262 65.123987324088
59.894062910509085 59.079865969942006
17.089269670912643 95.82560389392388
61.41720604354055 9.199961660641453
28.889048827418794 97.56292309126232
