96
19.374118849594822 59.6777596113388
48.922676768499954 94.57998201237484
61.85674340316301 73.87289217729717
94.36503736870444 29.11360378715797
52.30254025558027 88.92205168854069
11.871680081874214 26.735276724481672
82.54211982031833 18.923927356646143
37.061427466873866 16.53012107569376
1.3505762405371824 48.1130214202621
44.59559978564427 42.64656378163117
89.89196310607467 97.96680458743319
84.0814286961609 77.7472484035242
17.155035557868292 45.280406176343625
82.86481552514076 51.05747008950573
65.29448864589155 91.86064968408604
94.13992763336529 18.239341956815082
21.832531033276215 56.92120031007797
81.52086800053823 99.14625181065901
37.65556505275316 41.64079158522323
93.23491058383281 70.00469748104636
11.350963500646937 8.32639979426516
95.30859559295463 17.049212906873112
38.85975653977833 17.69984711187623
12.15089861388 19.733753401846
72.0154210678725 39.35125743005423
98.79330144488505 83.7290371551541
48.621649977622425 94.56859494550652
95.10225546913135 96.83873514815777
59.269424462200135 93.0791552315749
56.2328130082099 40.29618490659605
0.49431151516835525 89.25812856114746
29.230385833700556 59.635357932770006
7.401275556235842 89.58683043011484
35.328971102722974 84.19898617101008
55.08441464169248 6.107027781853014
95.44587388582322 49.783507550211716
71.0452902233936 13.070245054900875
89.9168088125218 21.635527183183413
55.32436101784071 65.80412857947181
72.6694694576378 57.2351827681198
83.49814247886405 51.2766617071032
58.13766773739939 27.11562058301492
47.43504143296627 61.920162834779944
52.010057916139786 6.340438473295407
4.45935762140034 46.79743301270671
10.051604596051622 31.199741580202943
18.17766733546803 1.8048288551237968
78.18422945862936 67.31312916450828
91.5413624971914 75.82962530209346
30.84585901090261 60.43657704495301
44.540999108017274 34.113900092599195
74.54628387351752 96.48106601550948
60.76996184852829 50.405434763535375
81.30171117548322 35.95427880335684
25.090272155970993 92.21301138320915
10.233856901387362 22.48279116072197
78.47561263345094 53.758456131448504
14.495120972318665 2.9154157324941976
2.3052751800778704 57.9936280697171
82.53608006326527 13.319894656270604
47.16502597761328 7.451740056099054
4.51497910871419 84.65521509346739
56.64076705919757 28.71156669474908
81.4628998159049 14.645767762653838
69.57908354622184 91.66366530097804
96.28841314242364 50.849906823415544
38.79469294583059 35.37412494279318
0.32212608501535067 50.0951647294561
59.11081115333276 51.44329535266222
98.90824807135968 84.4289254501695
60.91455989183976 36.0230853524595
14.38649402153479 20.41656502349768
67.6971338435852 79.61566931803497
48.98395417529082 87.87074187952996
9.559368783914945 44.84669295426722
22.455052834698165 23.59164883279202
18.00788495269945 46.83127478664756
27.26804860973714 99.53344580505568
70.47828907973309 27.39715689232386
11.367936921613687 78.83250346362838
71.50156052366722 35.219562379140804
48.8686187571011 74.56842949104775
4.334794225250516 50.46088199655729
65.30142893577079 78.57528043537971
58.654919300271914 7.44297206163621
92.24731155524947 34.16976200175335
64.71185230806805 74.23389029513322
27.361048096325945 53.801661855469405
68.61373030531645 46.152026766529886
74.16132580468778 81.6828759491102
38.4155618778687 96.12308470288224
71.21599061797691 80.10121251188059
51.27091119538709 96.95338091411804
95.79260022544551 89.07611039790288
19.964664318677126 77.00892306905712
16.449594627484878 88.07605155103711
